## ListNet
## Epochs = 1500
## No. of features = 28
1 2 3 4 5 6 7 8 9 10 11 12 13 14 15 16 17 18 19 20 21 22 23 24 25 26 27 28
0
0 0 0.21663812211076774
0 1 -0.025511719933813386
0 2 0.16501905315983753
0 3 0.16808853037806676
0 4 0.2219001570777954
0 5 0.11344094601684472
0 6 0.07706612270170202
0 7 0.11491140346196929
0 8 -0.05445597698017488
0 9 -0.03760957676220126
0 10 0.11299958188819774
0 11 0.03646201552933616
0 12 0.00485253448088644
0 13 -0.015634666053776683
0 14 0.024159128503236506
0 15 -0.04496177913550926
0 16 0.045287464309207326
0 17 -0.04986645858950474
0 18 0.024909412163177644
0 19 0.2580666736757781
0 20 0.06458265589428237
0 21 0.05896672286501506
0 22 0.10643321440577702
0 23 0.017664583363310577
0 24 0.0699176872165043
0 25 0.0959223001134922
0 26 0.039064810333389974
0 27 0.01745994578602534
0 28 0.0395442433655262
