java -jar RankLib-2.14.jar -train ../data/experiment/before_after_train.txt -test ../data/experiment/before_after_test.txt -validate ../data/experiment/before_after_validate.txt -ranker 6 -metric2t NDCG@10 -metric2T NDCG@10 -save ../model/experiment/model_before_after.txt

Discard orig. features
Training data:	../data/experiment/before_after_train.txt
Test data:	../data/experiment/before_after_test.txt
Validation data:	../data/experiment/before_after_validate.txt
Feature vector representation: Dense.
Ranking method:	LambdaMART
Feature description file:	Unspecified. All features will be used.
Train metric:	NDCG@10
Test metric:	NDCG@10
Feature normalization: No
Model file: ../model/experiment/model_before_after.txt

[+] LambdaMART's Parameters:
No. of trees: 1000
No. of leaves: 10
No. of threshold candidates: 256
Min leaf support: 1
Learning rate: 0.1
Stop early: 100 rounds without performance gain on validation data

Reading feature file [../data/experiment/before_after_train.txt]... [Done.]            
(152 ranked lists, 7600 entries read)
Reading feature file [../data/experiment/before_after_validate.txt]... [Done.]            
(75 ranked lists, 3750 entries read)
Reading feature file [../data/experiment/before_after_test.txt]... [Done.]            
(77 ranked lists, 3850 entries read)
Initializing... [Done]
---------------------------------
Training starts...
---------------------------------
#iter   | NDCG@10-T | NDCG@10-V | 
---------------------------------
1       | 0.5246    | 0.5187    | 
2       | 0.5268    | 0.5244    | 
3       | 0.527     | 0.5244    | 
4       | 0.527     | 0.5244    | 
5       | 0.547     | 0.5377    | 
6       | 0.5526    | 0.5385    | 
7       | 0.5653    | 0.5461    | 
8       | 0.5727    | 0.5561    | 
9       | 0.5733    | 0.5592    | 
10      | 0.5833    | 0.5615    | 
11      | 0.5855    | 0.5675    | 
12      | 0.5897    | 0.5668    | 
13      | 0.589     | 0.5681    | 
14      | 0.5899    | 0.5725    | 
15      | 0.5922    | 0.5738    | 
16      | 0.5962    | 0.5711    | 
17      | 0.5982    | 0.5729    | 
18      | 0.6021    | 0.5687    | 
19      | 0.6007    | 0.5755    | 
20      | 0.6021    | 0.5842    | 
21      | 0.6064    | 0.582     | 
22      | 0.6101    | 0.5885    | 
23      | 0.6113    | 0.5837    | 
24      | 0.6172    | 0.5861    | 
25      | 0.6176    | 0.5883    | 
26      | 0.6207    | 0.5943    | 
27      | 0.6222    | 0.592     | 
28      | 0.6233    | 0.5949    | 
29      | 0.6274    | 0.5963    | 
30      | 0.6338    | 0.596     | 
31      | 0.6338    | 0.5994    | 
32      | 0.6381    | 0.6028    | 
33      | 0.6383    | 0.6032    | 
34      | 0.6424    | 0.6065    | 
35      | 0.6444    | 0.6081    | 
36      | 0.6453    | 0.6097    | 
37      | 0.6483    | 0.6142    | 
38      | 0.6506    | 0.616     | 
39      | 0.6519    | 0.6185    | 
40      | 0.6549    | 0.618     | 
41      | 0.6569    | 0.615     | 
42      | 0.657     | 0.6176    | 
43      | 0.6572    | 0.6164    | 
44      | 0.6583    | 0.6181    | 
45      | 0.659     | 0.6169    | 
46      | 0.6605    | 0.617     | 
47      | 0.6604    | 0.6168    | 
48      | 0.6624    | 0.6185    | 
49      | 0.6624    | 0.6171    | 
50      | 0.663     | 0.6192    | 
51      | 0.6636    | 0.6186    | 
52      | 0.6637    | 0.6187    | 
53      | 0.6632    | 0.6197    | 
54      | 0.6612    | 0.6184    | 
55      | 0.6625    | 0.617     | 
56      | 0.6649    | 0.616     | 
57      | 0.666     | 0.6181    | 
58      | 0.6677    | 0.6162    | 
59      | 0.6697    | 0.6184    | 
60      | 0.6706    | 0.6184    | 
61      | 0.6715    | 0.6186    | 
62      | 0.6718    | 0.6207    | 
63      | 0.6732    | 0.6206    | 
64      | 0.6763    | 0.6216    | 
65      | 0.6773    | 0.6214    | 
66      | 0.68      | 0.6216    | 
67      | 0.6791    | 0.6246    | 
68      | 0.6791    | 0.6264    | 
69      | 0.68      | 0.6245    | 
70      | 0.6819    | 0.627     | 
71      | 0.6831    | 0.6281    | 
72      | 0.6849    | 0.6273    | 
73      | 0.6858    | 0.6281    | 
74      | 0.6859    | 0.6257    | 
75      | 0.6868    | 0.6302    | 
76      | 0.6868    | 0.6301    | 
77      | 0.6885    | 0.627     | 
78      | 0.6908    | 0.6272    | 
79      | 0.6906    | 0.6284    | 
80      | 0.6905    | 0.6291    | 
81      | 0.6927    | 0.6298    | 
82      | 0.692     | 0.6285    | 
83      | 0.6925    | 0.6294    | 
84      | 0.6928    | 0.6267    | 
85      | 0.6926    | 0.6266    | 
86      | 0.6943    | 0.6301    | 
87      | 0.6949    | 0.6306    | 
88      | 0.6964    | 0.6272    | 
89      | 0.6958    | 0.6289    | 
90      | 0.6969    | 0.6301    | 
91      | 0.6965    | 0.6305    | 
92      | 0.6983    | 0.6312    | 
93      | 0.6975    | 0.6308    | 
94      | 0.6995    | 0.6307    | 
95      | 0.7009    | 0.6291    | 
96      | 0.7026    | 0.6302    | 
97      | 0.7022    | 0.633     | 
98      | 0.7028    | 0.6327    | 
99      | 0.703     | 0.6331    | 
100     | 0.7046    | 0.6321    | 
101     | 0.7056    | 0.6318    | 
102     | 0.7058    | 0.6335    | 
103     | 0.7059    | 0.6321    | 
104     | 0.707     | 0.6323    | 
105     | 0.7066    | 0.6329    | 
106     | 0.7075    | 0.6335    | 
107     | 0.7074    | 0.634     | 
108     | 0.7082    | 0.6341    | 
109     | 0.7094    | 0.6334    | 
110     | 0.7093    | 0.6342    | 
111     | 0.7095    | 0.6336    | 
112     | 0.7093    | 0.6336    | 
113     | 0.7093    | 0.6351    | 
114     | 0.7096    | 0.6357    | 
115     | 0.7101    | 0.6366    | 
116     | 0.7114    | 0.6364    | 
117     | 0.7119    | 0.6364    | 
118     | 0.7105    | 0.6378    | 
119     | 0.7115    | 0.6378    | 
120     | 0.7121    | 0.6383    | 
121     | 0.7138    | 0.6383    | 
122     | 0.7136    | 0.6378    | 
123     | 0.7135    | 0.6377    | 
124     | 0.7151    | 0.6385    | 
125     | 0.7161    | 0.6377    | 
126     | 0.7186    | 0.6347    | 
127     | 0.7183    | 0.6361    | 
128     | 0.7176    | 0.6374    | 
129     | 0.7183    | 0.6422    | 
130     | 0.7191    | 0.6425    | 
131     | 0.7216    | 0.6418    | 
132     | 0.7212    | 0.6425    | 
133     | 0.722     | 0.6427    | 
134     | 0.7222    | 0.6421    | 
135     | 0.7223    | 0.6422    | 
136     | 0.7222    | 0.6435    | 
137     | 0.7226    | 0.6406    | 
138     | 0.7225    | 0.6401    | 
139     | 0.7224    | 0.6407    | 
140     | 0.7227    | 0.6398    | 
141     | 0.7227    | 0.64      | 
142     | 0.7242    | 0.6404    | 
143     | 0.726     | 0.642     | 
144     | 0.7268    | 0.6422    | 
145     | 0.7252    | 0.6436    | 
146     | 0.7277    | 0.645     | 
147     | 0.73      | 0.6449    | 
148     | 0.7299    | 0.6438    | 
149     | 0.7307    | 0.6472    | 
150     | 0.7305    | 0.6446    | 
151     | 0.7301    | 0.6449    | 
152     | 0.7311    | 0.6482    | 
153     | 0.7322    | 0.6493    | 
154     | 0.7316    | 0.6479    | 
155     | 0.7327    | 0.6484    | 
156     | 0.7332    | 0.6489    | 
157     | 0.7337    | 0.6503    | 
158     | 0.7336    | 0.6505    | 
159     | 0.7335    | 0.65      | 
160     | 0.7344    | 0.6494    | 
161     | 0.7348    | 0.6516    | 
162     | 0.7347    | 0.6524    | 
163     | 0.7349    | 0.6524    | 
164     | 0.7356    | 0.653     | 
165     | 0.7354    | 0.6558    | 
166     | 0.7357    | 0.6563    | 
167     | 0.7373    | 0.6547    | 
168     | 0.7372    | 0.6552    | 
169     | 0.7376    | 0.6551    | 
170     | 0.7367    | 0.6566    | 
171     | 0.737     | 0.6552    | 
172     | 0.7366    | 0.6553    | 
173     | 0.7375    | 0.655     | 
174     | 0.7376    | 0.6551    | 
175     | 0.7381    | 0.6539    | 
176     | 0.739     | 0.6545    | 
177     | 0.7381    | 0.6541    | 
178     | 0.7381    | 0.6551    | 
179     | 0.7378    | 0.6555    | 
180     | 0.7384    | 0.6551    | 
181     | 0.739     | 0.6544    | 
182     | 0.7397    | 0.6548    | 
183     | 0.7396    | 0.6548    | 
184     | 0.7396    | 0.6554    | 
185     | 0.7395    | 0.6561    | 
186     | 0.7396    | 0.6563    | 
187     | 0.74      | 0.6559    | 
188     | 0.7406    | 0.6569    | 
189     | 0.7404    | 0.6571    | 
190     | 0.7408    | 0.6575    | 
191     | 0.7401    | 0.6574    | 
192     | 0.7398    | 0.6573    | 
193     | 0.7398    | 0.6574    | 
194     | 0.7406    | 0.6589    | 
195     | 0.7406    | 0.659     | 
196     | 0.741     | 0.6594    | 
197     | 0.7421    | 0.6601    | 
198     | 0.7418    | 0.6612    | 
199     | 0.7429    | 0.6618    | 
200     | 0.7422    | 0.6629    | 
201     | 0.743     | 0.6614    | 
202     | 0.743     | 0.6621    | 
203     | 0.7436    | 0.662     | 
204     | 0.7437    | 0.6597    | 
205     | 0.743     | 0.6595    | 
206     | 0.7434    | 0.6597    | 
207     | 0.7434    | 0.6578    | 
208     | 0.7438    | 0.6584    | 
209     | 0.7444    | 0.659     | 
210     | 0.7449    | 0.6593    | 
211     | 0.7463    | 0.6626    | 
212     | 0.7461    | 0.6628    | 
213     | 0.7466    | 0.6632    | 
214     | 0.7474    | 0.6624    | 
215     | 0.7474    | 0.6627    | 
216     | 0.748     | 0.6628    | 
217     | 0.748     | 0.6629    | 
218     | 0.7489    | 0.6629    | 
219     | 0.7481    | 0.6626    | 
220     | 0.7484    | 0.6628    | 
221     | 0.7489    | 0.6636    | 
222     | 0.7491    | 0.6642    | 
223     | 0.7494    | 0.6633    | 
224     | 0.7491    | 0.663     | 
225     | 0.7495    | 0.6641    | 
226     | 0.7499    | 0.6643    | 
227     | 0.7501    | 0.6643    | 
228     | 0.7505    | 0.6644    | 
229     | 0.7514    | 0.6623    | 
230     | 0.7523    | 0.6639    | 
231     | 0.7524    | 0.6641    | 
232     | 0.7524    | 0.664     | 
233     | 0.7524    | 0.664     | 
234     | 0.7524    | 0.6641    | 
235     | 0.7533    | 0.6645    | 
236     | 0.7532    | 0.6643    | 
237     | 0.754     | 0.6648    | 
238     | 0.7542    | 0.6656    | 
239     | 0.7545    | 0.665     | 
240     | 0.7544    | 0.665     | 
241     | 0.755     | 0.6648    | 
242     | 0.7554    | 0.6659    | 
243     | 0.7565    | 0.6661    | 
244     | 0.7567    | 0.6644    | 
245     | 0.7563    | 0.6652    | 
246     | 0.7566    | 0.6656    | 
247     | 0.7565    | 0.6659    | 
248     | 0.757     | 0.6674    | 
249     | 0.7566    | 0.6672    | 
250     | 0.7564    | 0.6689    | 
251     | 0.7561    | 0.6688    | 
252     | 0.7554    | 0.6689    | 
253     | 0.7555    | 0.6684    | 
254     | 0.7562    | 0.6688    | 
255     | 0.7558    | 0.6685    | 
256     | 0.7565    | 0.6695    | 
257     | 0.7581    | 0.6696    | 
258     | 0.7571    | 0.6711    | 
259     | 0.7573    | 0.6713    | 
260     | 0.7604    | 0.6711    | 
261     | 0.7604    | 0.6709    | 
262     | 0.7612    | 0.6714    | 
263     | 0.7613    | 0.6718    | 
264     | 0.7618    | 0.6704    | 
265     | 0.7623    | 0.6705    | 
266     | 0.762     | 0.6717    | 
267     | 0.7622    | 0.6715    | 
268     | 0.7627    | 0.6717    | 
269     | 0.7629    | 0.6718    | 
270     | 0.7628    | 0.6725    | 
271     | 0.7629    | 0.6693    | 
272     | 0.7629    | 0.6692    | 
273     | 0.764     | 0.6692    | 
274     | 0.763     | 0.6708    | 
275     | 0.7645    | 0.6696    | 
276     | 0.7647    | 0.6673    | 
277     | 0.7659    | 0.6698    | 
278     | 0.7659    | 0.6699    | 
279     | 0.7658    | 0.6699    | 
280     | 0.7656    | 0.6703    | 
281     | 0.7663    | 0.67      | 
282     | 0.7658    | 0.67      | 
283     | 0.7661    | 0.6708    | 
284     | 0.7664    | 0.6709    | 
285     | 0.7665    | 0.6705    | 
286     | 0.7669    | 0.6705    | 
287     | 0.7667    | 0.6707    | 
288     | 0.7678    | 0.6701    | 
289     | 0.7685    | 0.6705    | 
290     | 0.7691    | 0.6714    | 
291     | 0.7689    | 0.6712    | 
292     | 0.7689    | 0.6714    | 
293     | 0.7689    | 0.6712    | 
294     | 0.7691    | 0.6696    | 
295     | 0.7695    | 0.6697    | 
296     | 0.7702    | 0.6699    | 
297     | 0.7701    | 0.6703    | 
298     | 0.7696    | 0.6707    | 
299     | 0.771     | 0.6705    | 
300     | 0.7722    | 0.6703    | 
301     | 0.7721    | 0.6702    | 
302     | 0.772     | 0.6702    | 
303     | 0.772     | 0.6692    | 
304     | 0.7724    | 0.6685    | 
305     | 0.7726    | 0.6698    | 
306     | 0.774     | 0.6704    | 
307     | 0.7747    | 0.6692    | 
308     | 0.7753    | 0.6697    | 
309     | 0.7755    | 0.6703    | 
310     | 0.7745    | 0.6724    | 
311     | 0.7746    | 0.6722    | 
312     | 0.775     | 0.6742    | 
313     | 0.7751    | 0.6739    | 
314     | 0.7758    | 0.6737    | 
315     | 0.7759    | 0.6739    | 
316     | 0.7758    | 0.673     | 
317     | 0.7759    | 0.6734    | 
318     | 0.776     | 0.6734    | 
319     | 0.7752    | 0.6728    | 
320     | 0.7761    | 0.6747    | 
321     | 0.776     | 0.6752    | 
322     | 0.7767    | 0.6755    | 
323     | 0.7767    | 0.6746    | 
324     | 0.7767    | 0.6747    | 
325     | 0.7767    | 0.6752    | 
326     | 0.7766    | 0.6744    | 
327     | 0.7763    | 0.6746    | 
328     | 0.7771    | 0.6755    | 
329     | 0.7769    | 0.6754    | 
330     | 0.7778    | 0.6752    | 
331     | 0.7763    | 0.6756    | 
332     | 0.7772    | 0.6757    | 
333     | 0.7772    | 0.6764    | 
334     | 0.7772    | 0.674     | 
335     | 0.7771    | 0.675     | 
336     | 0.7774    | 0.674     | 
337     | 0.7775    | 0.6737    | 
338     | 0.7774    | 0.6735    | 
339     | 0.7781    | 0.674     | 
340     | 0.7782    | 0.6733    | 
341     | 0.7799    | 0.6741    | 
342     | 0.779     | 0.6732    | 
343     | 0.779     | 0.6733    | 
344     | 0.779     | 0.6725    | 
345     | 0.7807    | 0.6739    | 
346     | 0.7803    | 0.6726    | 
347     | 0.7801    | 0.6726    | 
348     | 0.7813    | 0.673     | 
349     | 0.7813    | 0.6734    | 
350     | 0.7812    | 0.6733    | 
351     | 0.7813    | 0.6735    | 
352     | 0.7809    | 0.6729    | 
353     | 0.7812    | 0.6725    | 
354     | 0.7812    | 0.6732    | 
355     | 0.7812    | 0.6758    | 
356     | 0.781     | 0.6761    | 
357     | 0.7812    | 0.6763    | 
358     | 0.781     | 0.677     | 
359     | 0.7818    | 0.6769    | 
360     | 0.782     | 0.6754    | 
361     | 0.7809    | 0.6774    | 
362     | 0.781     | 0.677     | 
363     | 0.7815    | 0.6771    | 
364     | 0.7826    | 0.678     | 
365     | 0.7826    | 0.6764    | 
366     | 0.7824    | 0.677     | 
367     | 0.7823    | 0.6765    | 
368     | 0.7828    | 0.6767    | 
369     | 0.7835    | 0.6763    | 
370     | 0.7851    | 0.6765    | 
371     | 0.7848    | 0.6765    | 
372     | 0.7846    | 0.6768    | 
373     | 0.7846    | 0.6741    | 
374     | 0.7851    | 0.6741    | 
375     | 0.7849    | 0.6741    | 
376     | 0.7849    | 0.6745    | 
377     | 0.7844    | 0.6744    | 
378     | 0.7841    | 0.6766    | 
379     | 0.7844    | 0.6775    | 
380     | 0.7846    | 0.6743    | 
381     | 0.7843    | 0.6752    | 
382     | 0.7853    | 0.6754    | 
383     | 0.7855    | 0.6755    | 
384     | 0.7855    | 0.6752    | 
385     | 0.7855    | 0.6754    | 
386     | 0.7858    | 0.6756    | 
387     | 0.7857    | 0.6747    | 
388     | 0.7866    | 0.6747    | 
389     | 0.7866    | 0.6749    | 
390     | 0.7878    | 0.6751    | 
391     | 0.7871    | 0.6749    | 
392     | 0.7868    | 0.6756    | 
393     | 0.7868    | 0.6756    | 
394     | 0.7876    | 0.6756    | 
395     | 0.7887    | 0.6767    | 
396     | 0.7884    | 0.6765    | 
397     | 0.7893    | 0.6759    | 
398     | 0.7891    | 0.6759    | 
399     | 0.7893    | 0.6764    | 
400     | 0.7892    | 0.6747    | 
401     | 0.7895    | 0.6752    | 
402     | 0.7895    | 0.6778    | 
403     | 0.7897    | 0.6778    | 
404     | 0.7891    | 0.6776    | 
405     | 0.7893    | 0.6784    | 
406     | 0.7899    | 0.6788    | 
407     | 0.7905    | 0.6764    | 
408     | 0.7904    | 0.6768    | 
409     | 0.7916    | 0.6771    | 
410     | 0.7899    | 0.6801    | 
411     | 0.7906    | 0.6802    | 
412     | 0.7902    | 0.6798    | 
413     | 0.7909    | 0.6804    | 
414     | 0.7908    | 0.6801    | 
415     | 0.7908    | 0.6798    | 
416     | 0.7903    | 0.6801    | 
417     | 0.7907    | 0.6801    | 
418     | 0.791     | 0.6804    | 
419     | 0.7912    | 0.6805    | 
420     | 0.7924    | 0.6804    | 
421     | 0.7923    | 0.6807    | 
422     | 0.7923    | 0.6813    | 
423     | 0.7927    | 0.6807    | 
424     | 0.7926    | 0.6811    | 
425     | 0.7924    | 0.6813    | 
426     | 0.7927    | 0.6807    | 
427     | 0.7932    | 0.6811    | 
428     | 0.7939    | 0.6807    | 
429     | 0.794     | 0.6811    | 
430     | 0.7941    | 0.6818    | 
431     | 0.7944    | 0.6816    | 
432     | 0.7939    | 0.6817    | 
433     | 0.7948    | 0.6817    | 
434     | 0.7952    | 0.6821    | 
435     | 0.7957    | 0.6827    | 
436     | 0.7954    | 0.6824    | 
437     | 0.7959    | 0.6826    | 
438     | 0.7957    | 0.6824    | 
439     | 0.7957    | 0.6824    | 
440     | 0.7957    | 0.683     | 
441     | 0.7958    | 0.6827    | 
442     | 0.796     | 0.682     | 
443     | 0.7961    | 0.682     | 
444     | 0.7961    | 0.6819    | 
445     | 0.7962    | 0.681     | 
446     | 0.796     | 0.681     | 
447     | 0.7963    | 0.6808    | 
448     | 0.7966    | 0.6808    | 
449     | 0.7969    | 0.6806    | 
450     | 0.7968    | 0.6816    | 
451     | 0.7972    | 0.6817    | 
452     | 0.7973    | 0.6822    | 
453     | 0.797     | 0.6818    | 
454     | 0.7972    | 0.6809    | 
455     | 0.7973    | 0.6809    | 
456     | 0.7968    | 0.6809    | 
457     | 0.7972    | 0.681     | 
458     | 0.7976    | 0.682     | 
459     | 0.7976    | 0.6804    | 
460     | 0.7972    | 0.6798    | 
461     | 0.7973    | 0.6805    | 
462     | 0.7974    | 0.6799    | 
463     | 0.7978    | 0.6799    | 
464     | 0.7977    | 0.6798    | 
465     | 0.7982    | 0.6797    | 
466     | 0.7979    | 0.6806    | 
467     | 0.7986    | 0.6798    | 
468     | 0.7988    | 0.6807    | 
469     | 0.7991    | 0.6806    | 
470     | 0.7991    | 0.6803    | 
471     | 0.799     | 0.6802    | 
472     | 0.7991    | 0.6811    | 
473     | 0.7986    | 0.6816    | 
474     | 0.7984    | 0.6818    | 
475     | 0.7985    | 0.6819    | 
476     | 0.7983    | 0.6818    | 
477     | 0.7981    | 0.6818    | 
478     | 0.7981    | 0.6818    | 
479     | 0.7981    | 0.6822    | 
480     | 0.7985    | 0.6822    | 
481     | 0.7992    | 0.6821    | 
482     | 0.7988    | 0.6812    | 
483     | 0.7991    | 0.6812    | 
484     | 0.7983    | 0.6807    | 
485     | 0.7993    | 0.6816    | 
486     | 0.7995    | 0.682     | 
487     | 0.7996    | 0.6813    | 
488     | 0.7997    | 0.6817    | 
489     | 0.7993    | 0.6825    | 
490     | 0.7994    | 0.6825    | 
491     | 0.7998    | 0.6825    | 
492     | 0.7999    | 0.6825    | 
493     | 0.8007    | 0.6828    | 
494     | 0.8001    | 0.6831    | 
495     | 0.8004    | 0.683     | 
496     | 0.7998    | 0.683     | 
497     | 0.8003    | 0.6832    | 
498     | 0.8001    | 0.6833    | 
499     | 0.8006    | 0.6833    | 
500     | 0.8009    | 0.6831    | 
501     | 0.8011    | 0.6823    | 
502     | 0.8008    | 0.6827    | 
503     | 0.8005    | 0.6833    | 
504     | 0.8002    | 0.683     | 
505     | 0.8002    | 0.6816    | 
506     | 0.8009    | 0.6823    | 
507     | 0.801     | 0.6826    | 
508     | 0.8011    | 0.6821    | 
509     | 0.8012    | 0.6826    | 
510     | 0.8015    | 0.6826    | 
511     | 0.8014    | 0.6829    | 
512     | 0.8017    | 0.6826    | 
513     | 0.8015    | 0.6825    | 
514     | 0.8023    | 0.6813    | 
515     | 0.8023    | 0.6812    | 
516     | 0.8034    | 0.6812    | 
517     | 0.8037    | 0.6814    | 
518     | 0.8035    | 0.6819    | 
519     | 0.8037    | 0.6821    | 
520     | 0.8032    | 0.6821    | 
521     | 0.8035    | 0.6818    | 
522     | 0.8033    | 0.6821    | 
523     | 0.8033    | 0.6826    | 
524     | 0.8038    | 0.6828    | 
525     | 0.8039    | 0.6817    | 
526     | 0.804     | 0.6813    | 
527     | 0.8038    | 0.6825    | 
528     | 0.8041    | 0.6837    | 
529     | 0.804     | 0.6842    | 
530     | 0.804     | 0.6834    | 
531     | 0.804     | 0.6835    | 
532     | 0.8034    | 0.6834    | 
533     | 0.8037    | 0.6838    | 
534     | 0.8038    | 0.6843    | 
535     | 0.8039    | 0.6851    | 
536     | 0.8036    | 0.6851    | 
537     | 0.8038    | 0.6845    | 
538     | 0.8037    | 0.685     | 
539     | 0.8039    | 0.684     | 
540     | 0.8044    | 0.683     | 
541     | 0.8038    | 0.6837    | 
542     | 0.8036    | 0.6824    | 
543     | 0.8036    | 0.6825    | 
544     | 0.804     | 0.6825    | 
545     | 0.8037    | 0.6828    | 
546     | 0.8036    | 0.6815    | 
547     | 0.8037    | 0.6822    | 
548     | 0.8036    | 0.6821    | 
549     | 0.8036    | 0.6816    | 
550     | 0.8038    | 0.6828    | 
551     | 0.804     | 0.6818    | 
552     | 0.8039    | 0.6816    | 
553     | 0.8037    | 0.682     | 
554     | 0.8038    | 0.6824    | 
555     | 0.8041    | 0.6824    | 
556     | 0.8045    | 0.6824    | 
557     | 0.8044    | 0.6818    | 
558     | 0.8047    | 0.6817    | 
559     | 0.8048    | 0.6823    | 
560     | 0.805     | 0.6824    | 
561     | 0.805     | 0.6823    | 
562     | 0.8059    | 0.6824    | 
563     | 0.8056    | 0.6812    | 
564     | 0.8057    | 0.6811    | 
565     | 0.8061    | 0.6811    | 
566     | 0.806     | 0.6819    | 
567     | 0.8058    | 0.6809    | 
568     | 0.8056    | 0.682     | 
569     | 0.8052    | 0.682     | 
570     | 0.8058    | 0.6819    | 
571     | 0.8057    | 0.682     | 
572     | 0.8057    | 0.6821    | 
573     | 0.8057    | 0.6821    | 
574     | 0.8056    | 0.682     | 
575     | 0.8058    | 0.6821    | 
576     | 0.806     | 0.6823    | 
577     | 0.8066    | 0.6822    | 
578     | 0.8064    | 0.683     | 
579     | 0.8068    | 0.6835    | 
580     | 0.807     | 0.6835    | 
581     | 0.8077    | 0.6838    | 
582     | 0.8095    | 0.6842    | 
583     | 0.8087    | 0.684     | 
584     | 0.8089    | 0.6833    | 
585     | 0.8093    | 0.6839    | 
586     | 0.8092    | 0.6833    | 
587     | 0.8088    | 0.6841    | 
588     | 0.8091    | 0.6841    | 
589     | 0.8092    | 0.6842    | 
590     | 0.8093    | 0.6841    | 
591     | 0.8092    | 0.6842    | 
592     | 0.8087    | 0.6845    | 
593     | 0.8088    | 0.6846    | 
594     | 0.8087    | 0.6838    | 
595     | 0.8087    | 0.6838    | 
596     | 0.8094    | 0.6846    | 
597     | 0.8092    | 0.6839    | 
598     | 0.8089    | 0.6841    | 
599     | 0.8087    | 0.6845    | 
600     | 0.8093    | 0.6848    | 
601     | 0.8091    | 0.6841    | 
602     | 0.8091    | 0.6841    | 
603     | 0.8094    | 0.6838    | 
604     | 0.8089    | 0.6839    | 
605     | 0.8085    | 0.6843    | 
606     | 0.8085    | 0.6843    | 
607     | 0.8087    | 0.6835    | 
608     | 0.809     | 0.6835    | 
609     | 0.8089    | 0.6845    | 
610     | 0.8093    | 0.6843    | 
611     | 0.8087    | 0.6849    | 
612     | 0.8084    | 0.6855    | 
613     | 0.8085    | 0.6859    | 
614     | 0.8085    | 0.6859    | 
615     | 0.8086    | 0.6859    | 
616     | 0.8088    | 0.6862    | 
617     | 0.8091    | 0.6862    | 
618     | 0.8088    | 0.6862    | 
619     | 0.8097    | 0.6868    | 
620     | 0.8099    | 0.6869    | 
621     | 0.8098    | 0.6854    | 
622     | 0.8098    | 0.6854    | 
623     | 0.8099    | 0.6852    | 
624     | 0.8108    | 0.6851    | 
625     | 0.8109    | 0.6851    | 
626     | 0.8107    | 0.6852    | 
627     | 0.8113    | 0.6861    | 
628     | 0.8113    | 0.6873    | 
629     | 0.8113    | 0.6878    | 
630     | 0.8119    | 0.6876    | 
631     | 0.812     | 0.6866    | 
632     | 0.8124    | 0.6873    | 
633     | 0.8124    | 0.6857    | 
634     | 0.8125    | 0.6854    | 
635     | 0.8128    | 0.685     | 
636     | 0.8126    | 0.6849    | 
637     | 0.8127    | 0.6854    | 
638     | 0.8128    | 0.6855    | 
639     | 0.8127    | 0.6856    | 
640     | 0.813     | 0.6869    | 
641     | 0.813     | 0.6857    | 
642     | 0.8129    | 0.6853    | 
643     | 0.8131    | 0.6854    | 
644     | 0.8134    | 0.6854    | 
645     | 0.8133    | 0.6852    | 
646     | 0.8134    | 0.6852    | 
647     | 0.8138    | 0.6851    | 
648     | 0.8133    | 0.6854    | 
649     | 0.8134    | 0.6855    | 
650     | 0.8136    | 0.6855    | 
651     | 0.8139    | 0.6855    | 
652     | 0.8142    | 0.6854    | 
653     | 0.814     | 0.6847    | 
654     | 0.8135    | 0.6842    | 
655     | 0.8143    | 0.6858    | 
656     | 0.8137    | 0.6853    | 
657     | 0.8136    | 0.6859    | 
658     | 0.8148    | 0.6863    | 
659     | 0.8146    | 0.6856    | 
660     | 0.8151    | 0.6852    | 
661     | 0.8158    | 0.6857    | 
662     | 0.8157    | 0.6852    | 
663     | 0.8158    | 0.685     | 
664     | 0.8158    | 0.6859    | 
665     | 0.8151    | 0.6867    | 
666     | 0.8163    | 0.6858    | 
667     | 0.8162    | 0.6857    | 
668     | 0.8158    | 0.6855    | 
669     | 0.816     | 0.6851    | 
670     | 0.8163    | 0.6835    | 
671     | 0.8165    | 0.6813    | 
672     | 0.8164    | 0.681     | 
673     | 0.8167    | 0.681     | 
674     | 0.8172    | 0.6811    | 
675     | 0.8172    | 0.6835    | 
676     | 0.8175    | 0.6851    | 
677     | 0.817     | 0.6848    | 
678     | 0.817     | 0.6837    | 
679     | 0.8176    | 0.6838    | 
680     | 0.8174    | 0.6851    | 
681     | 0.8176    | 0.6851    | 
682     | 0.8179    | 0.6834    | 
683     | 0.8178    | 0.6834    | 
684     | 0.8176    | 0.6831    | 
685     | 0.8179    | 0.6845    | 
686     | 0.8178    | 0.6845    | 
687     | 0.818     | 0.6849    | 
688     | 0.8182    | 0.685     | 
689     | 0.8182    | 0.6832    | 
690     | 0.8186    | 0.6838    | 
691     | 0.8185    | 0.684     | 
692     | 0.8185    | 0.6841    | 
693     | 0.8191    | 0.6841    | 
694     | 0.8192    | 0.6848    | 
695     | 0.8195    | 0.6848    | 
696     | 0.8193    | 0.6847    | 
697     | 0.8197    | 0.6846    | 
698     | 0.8198    | 0.6851    | 
699     | 0.8199    | 0.685     | 
700     | 0.82      | 0.6848    | 
701     | 0.8201    | 0.6848    | 
702     | 0.8198    | 0.6843    | 
703     | 0.8199    | 0.6845    | 
704     | 0.8198    | 0.6845    | 
705     | 0.8202    | 0.6838    | 
706     | 0.8201    | 0.6845    | 
707     | 0.8202    | 0.6843    | 
708     | 0.8201    | 0.6842    | 
709     | 0.8201    | 0.6842    | 
710     | 0.8202    | 0.6837    | 
711     | 0.8198    | 0.6803    | 
712     | 0.8203    | 0.6805    | 
713     | 0.8201    | 0.6807    | 
714     | 0.8205    | 0.6819    | 
715     | 0.8202    | 0.6818    | 
716     | 0.8202    | 0.682     | 
717     | 0.82      | 0.682     | 
718     | 0.82      | 0.684     | 
719     | 0.8203    | 0.6841    | 
720     | 0.8195    | 0.6846    | 
721     | 0.8195    | 0.6845    | 
722     | 0.8198    | 0.6841    | 
723     | 0.8203    | 0.6839    | 
724     | 0.8205    | 0.6844    | 
725     | 0.8211    | 0.6844    | 
726     | 0.8211    | 0.6843    | 
727     | 0.8213    | 0.6841    | 
728     | 0.8216    | 0.6839    | 
729     | 0.8215    | 0.6836    | 
730     | 0.8215    | 0.6842    | 
---------------------------------
Finished sucessfully.
NDCG@10 on training data: 0.8113
NDCG@10 on validation data: 0.6878
---------------------------------
NDCG@10 on test data: 0.7375

Model saved to: ../model/experiment/model_before_after.txt
