java -jar RankLib-2.14.jar -train ../data/experiment/parsetree_train.txt -test ../data/experiment/parsetree_test.txt -validate ../data/experiment/parsetree_validate.txt -ranker 6 -metric2t NDCG@10 -metric2T NDCG@10 -save ../model/experiment/model_parsetree.txt

Discard orig. features
Training data:	../data/experiment/parsetree_train.txt
Test data:	../data/experiment/parsetree_test.txt
Validation data:	../data/experiment/parsetree_validate.txt
Feature vector representation: Dense.
Ranking method:	LambdaMART
Feature description file:	Unspecified. All features will be used.
Train metric:	NDCG@10
Test metric:	NDCG@10
Feature normalization: No
Model file: ../model/experiment/model_parsetree.txt

[+] LambdaMART's Parameters:
No. of trees: 1000
No. of leaves: 10
No. of threshold candidates: 256
Min leaf support: 1
Learning rate: 0.1
Stop early: 100 rounds without performance gain on validation data

Reading feature file [../data/experiment/parsetree_train.txt]... [Done.]            
(152 ranked lists, 7600 entries read)
Reading feature file [../data/experiment/parsetree_validate.txt]... [Done.]            
(75 ranked lists, 3750 entries read)
Reading feature file [../data/experiment/parsetree_test.txt]... [Done.]            
(77 ranked lists, 3850 entries read)
Initializing... [Done]
---------------------------------
Training starts...
---------------------------------
#iter   | NDCG@10-T | NDCG@10-V | 
---------------------------------
1       | 0.515     | 0.5123    | 
2       | 0.5218    | 0.5241    | 
3       | 0.5223    | 0.5259    | 
4       | 0.5242    | 0.5278    | 
5       | 0.5312    | 0.5293    | 
6       | 0.5392    | 0.5362    | 
7       | 0.5428    | 0.5392    | 
8       | 0.5439    | 0.5426    | 
9       | 0.5469    | 0.5469    | 
10      | 0.5526    | 0.5428    | 
11      | 0.5533    | 0.5481    | 
12      | 0.5572    | 0.55      | 
13      | 0.5633    | 0.5493    | 
14      | 0.564     | 0.55      | 
15      | 0.5672    | 0.5494    | 
16      | 0.5694    | 0.5502    | 
17      | 0.5697    | 0.5458    | 
18      | 0.5723    | 0.5474    | 
19      | 0.5703    | 0.5478    | 
20      | 0.5729    | 0.5478    | 
21      | 0.5738    | 0.5445    | 
22      | 0.5741    | 0.5461    | 
23      | 0.5745    | 0.5469    | 
24      | 0.5774    | 0.5469    | 
25      | 0.5795    | 0.5459    | 
26      | 0.5819    | 0.5472    | 
27      | 0.5823    | 0.5491    | 
28      | 0.5846    | 0.5511    | 
29      | 0.585     | 0.5532    | 
30      | 0.584     | 0.5564    | 
31      | 0.5861    | 0.558     | 
32      | 0.5862    | 0.5561    | 
33      | 0.5852    | 0.5545    | 
34      | 0.5877    | 0.5558    | 
35      | 0.5881    | 0.5555    | 
36      | 0.588     | 0.5557    | 
37      | 0.5901    | 0.5536    | 
38      | 0.589     | 0.5567    | 
39      | 0.5917    | 0.5583    | 
40      | 0.5927    | 0.5586    | 
41      | 0.5918    | 0.5582    | 
42      | 0.5931    | 0.5605    | 
43      | 0.5931    | 0.559     | 
44      | 0.5951    | 0.5592    | 
45      | 0.5963    | 0.5586    | 
46      | 0.5974    | 0.5585    | 
47      | 0.5973    | 0.5582    | 
48      | 0.5975    | 0.5594    | 
49      | 0.5971    | 0.5584    | 
50      | 0.599     | 0.5596    | 
51      | 0.5987    | 0.5575    | 
52      | 0.5996    | 0.5586    | 
53      | 0.599     | 0.5585    | 
54      | 0.5993    | 0.5567    | 
55      | 0.6012    | 0.5567    | 
56      | 0.6026    | 0.5577    | 
57      | 0.6033    | 0.5572    | 
58      | 0.6035    | 0.5579    | 
59      | 0.6041    | 0.558     | 
60      | 0.6052    | 0.5588    | 
61      | 0.605     | 0.5583    | 
62      | 0.6045    | 0.5619    | 
63      | 0.605     | 0.5587    | 
64      | 0.6074    | 0.5635    | 
65      | 0.6091    | 0.5638    | 
66      | 0.6095    | 0.564     | 
67      | 0.6105    | 0.5628    | 
68      | 0.6105    | 0.5608    | 
69      | 0.6122    | 0.5603    | 
70      | 0.6116    | 0.5624    | 
71      | 0.6125    | 0.5631    | 
72      | 0.6148    | 0.5637    | 
73      | 0.6158    | 0.5637    | 
74      | 0.6159    | 0.5638    | 
75      | 0.6175    | 0.5625    | 
76      | 0.6184    | 0.5584    | 
77      | 0.6217    | 0.5607    | 
78      | 0.6219    | 0.5624    | 
79      | 0.621     | 0.5631    | 
80      | 0.6232    | 0.5652    | 
81      | 0.6255    | 0.5636    | 
82      | 0.627     | 0.5643    | 
83      | 0.6298    | 0.5649    | 
84      | 0.6313    | 0.5639    | 
85      | 0.6307    | 0.5628    | 
86      | 0.6318    | 0.5634    | 
87      | 0.6319    | 0.5651    | 
88      | 0.6332    | 0.5652    | 
89      | 0.6349    | 0.5632    | 
90      | 0.6355    | 0.56      | 
91      | 0.6357    | 0.5617    | 
92      | 0.6363    | 0.5629    | 
93      | 0.6369    | 0.5625    | 
94      | 0.6369    | 0.562     | 
95      | 0.6383    | 0.5651    | 
96      | 0.6398    | 0.5661    | 
97      | 0.641     | 0.5645    | 
98      | 0.6426    | 0.5645    | 
99      | 0.6442    | 0.5667    | 
100     | 0.6449    | 0.5692    | 
101     | 0.6448    | 0.5687    | 
102     | 0.6461    | 0.5697    | 
103     | 0.6466    | 0.5705    | 
104     | 0.6466    | 0.5719    | 
105     | 0.6479    | 0.5729    | 
106     | 0.6481    | 0.5706    | 
107     | 0.6479    | 0.5749    | 
108     | 0.6483    | 0.5746    | 
109     | 0.6485    | 0.5749    | 
110     | 0.6485    | 0.5751    | 
111     | 0.6482    | 0.5747    | 
112     | 0.6482    | 0.5741    | 
113     | 0.6488    | 0.5759    | 
114     | 0.6496    | 0.5749    | 
115     | 0.6486    | 0.5743    | 
116     | 0.6501    | 0.573     | 
117     | 0.6499    | 0.573     | 
118     | 0.6516    | 0.5727    | 
119     | 0.6514    | 0.5733    | 
120     | 0.6522    | 0.5724    | 
121     | 0.6523    | 0.5768    | 
122     | 0.6544    | 0.5738    | 
123     | 0.654     | 0.5728    | 
124     | 0.6534    | 0.573     | 
125     | 0.6549    | 0.5752    | 
126     | 0.6553    | 0.5749    | 
127     | 0.6557    | 0.5756    | 
128     | 0.6561    | 0.5754    | 
129     | 0.6563    | 0.5753    | 
130     | 0.6575    | 0.5745    | 
131     | 0.6585    | 0.575     | 
132     | 0.6606    | 0.5747    | 
133     | 0.6599    | 0.5746    | 
134     | 0.6618    | 0.5766    | 
135     | 0.6622    | 0.5749    | 
136     | 0.6616    | 0.5738    | 
137     | 0.662     | 0.5759    | 
138     | 0.6616    | 0.576     | 
139     | 0.6605    | 0.5763    | 
140     | 0.6605    | 0.5759    | 
141     | 0.6631    | 0.5758    | 
142     | 0.6644    | 0.5755    | 
143     | 0.6636    | 0.5751    | 
144     | 0.6674    | 0.5759    | 
145     | 0.6678    | 0.5751    | 
146     | 0.6677    | 0.573     | 
147     | 0.668     | 0.5755    | 
148     | 0.6674    | 0.5739    | 
149     | 0.6668    | 0.575     | 
150     | 0.6677    | 0.5749    | 
151     | 0.6674    | 0.5749    | 
152     | 0.6678    | 0.5752    | 
153     | 0.6674    | 0.5731    | 
154     | 0.6686    | 0.5739    | 
155     | 0.6691    | 0.5746    | 
156     | 0.6685    | 0.5744    | 
157     | 0.6692    | 0.5753    | 
158     | 0.6698    | 0.5781    | 
159     | 0.6703    | 0.5752    | 
160     | 0.6697    | 0.5753    | 
161     | 0.6709    | 0.5734    | 
162     | 0.6732    | 0.5745    | 
163     | 0.674     | 0.5743    | 
164     | 0.6731    | 0.5739    | 
165     | 0.6726    | 0.5749    | 
166     | 0.6726    | 0.5747    | 
167     | 0.6725    | 0.5744    | 
168     | 0.6735    | 0.5748    | 
169     | 0.674     | 0.5723    | 
170     | 0.6738    | 0.5727    | 
171     | 0.6741    | 0.5737    | 
172     | 0.6742    | 0.5771    | 
173     | 0.6737    | 0.5756    | 
174     | 0.6738    | 0.5744    | 
175     | 0.674     | 0.5748    | 
176     | 0.6739    | 0.5744    | 
177     | 0.6751    | 0.5737    | 
178     | 0.6751    | 0.5746    | 
179     | 0.6743    | 0.575     | 
180     | 0.6744    | 0.5756    | 
181     | 0.6748    | 0.5763    | 
182     | 0.6754    | 0.5762    | 
183     | 0.6759    | 0.5769    | 
184     | 0.676     | 0.5731    | 
185     | 0.6757    | 0.5752    | 
186     | 0.675     | 0.5748    | 
187     | 0.6748    | 0.5745    | 
188     | 0.6747    | 0.5743    | 
189     | 0.6746    | 0.5739    | 
190     | 0.6762    | 0.5738    | 
191     | 0.6761    | 0.5735    | 
192     | 0.6768    | 0.5772    | 
193     | 0.6771    | 0.5758    | 
194     | 0.6767    | 0.5774    | 
195     | 0.6778    | 0.5777    | 
196     | 0.6773    | 0.5777    | 
197     | 0.678     | 0.5781    | 
198     | 0.6781    | 0.5776    | 
199     | 0.6797    | 0.5778    | 
200     | 0.6796    | 0.5752    | 
201     | 0.6796    | 0.575     | 
202     | 0.6798    | 0.5751    | 
203     | 0.6797    | 0.5747    | 
204     | 0.6803    | 0.5754    | 
205     | 0.6801    | 0.5726    | 
206     | 0.6808    | 0.5749    | 
207     | 0.6807    | 0.5749    | 
208     | 0.6812    | 0.5758    | 
209     | 0.6818    | 0.5767    | 
210     | 0.6817    | 0.5769    | 
211     | 0.6818    | 0.5781    | 
212     | 0.6827    | 0.5798    | 
213     | 0.6821    | 0.5794    | 
214     | 0.6823    | 0.5798    | 
215     | 0.6823    | 0.5798    | 
216     | 0.6816    | 0.5811    | 
217     | 0.6815    | 0.5781    | 
218     | 0.6816    | 0.5783    | 
219     | 0.6816    | 0.5798    | 
220     | 0.6822    | 0.5795    | 
221     | 0.6831    | 0.581     | 
222     | 0.6836    | 0.5813    | 
223     | 0.6837    | 0.5821    | 
224     | 0.6835    | 0.5823    | 
225     | 0.6828    | 0.5809    | 
226     | 0.683     | 0.5824    | 
227     | 0.6836    | 0.5812    | 
228     | 0.6839    | 0.582     | 
229     | 0.6842    | 0.5817    | 
230     | 0.6829    | 0.5827    | 
231     | 0.684     | 0.5819    | 
232     | 0.6844    | 0.5818    | 
233     | 0.6847    | 0.5829    | 
234     | 0.6847    | 0.5828    | 
235     | 0.6844    | 0.5827    | 
236     | 0.6849    | 0.5817    | 
237     | 0.6848    | 0.5829    | 
238     | 0.6852    | 0.5817    | 
239     | 0.6863    | 0.5816    | 
240     | 0.6868    | 0.5823    | 
241     | 0.6881    | 0.583     | 
242     | 0.6873    | 0.5821    | 
243     | 0.6878    | 0.5834    | 
244     | 0.6893    | 0.5852    | 
245     | 0.6894    | 0.5831    | 
246     | 0.6911    | 0.5854    | 
247     | 0.6907    | 0.5858    | 
248     | 0.6913    | 0.5849    | 
249     | 0.6915    | 0.5851    | 
250     | 0.6914    | 0.5859    | 
251     | 0.6908    | 0.5845    | 
252     | 0.6916    | 0.5848    | 
253     | 0.6931    | 0.5844    | 
254     | 0.6927    | 0.5856    | 
255     | 0.6923    | 0.5852    | 
256     | 0.6922    | 0.5855    | 
257     | 0.6923    | 0.5855    | 
258     | 0.692     | 0.5857    | 
259     | 0.692     | 0.5857    | 
260     | 0.693     | 0.585     | 
261     | 0.6927    | 0.5859    | 
262     | 0.6932    | 0.585     | 
263     | 0.6928    | 0.5858    | 
264     | 0.6937    | 0.5842    | 
265     | 0.6934    | 0.5843    | 
266     | 0.6934    | 0.5848    | 
267     | 0.6942    | 0.5849    | 
268     | 0.6966    | 0.5861    | 
269     | 0.6963    | 0.5851    | 
270     | 0.6961    | 0.5853    | 
271     | 0.6966    | 0.5859    | 
272     | 0.6966    | 0.5858    | 
273     | 0.6966    | 0.5841    | 
274     | 0.6967    | 0.5855    | 
275     | 0.6973    | 0.5854    | 
276     | 0.6971    | 0.5863    | 
277     | 0.6972    | 0.5859    | 
278     | 0.6974    | 0.5859    | 
279     | 0.6979    | 0.585     | 
280     | 0.6977    | 0.5872    | 
281     | 0.6978    | 0.5859    | 
282     | 0.6968    | 0.5859    | 
283     | 0.6975    | 0.5851    | 
284     | 0.698     | 0.585     | 
285     | 0.698     | 0.5856    | 
286     | 0.6978    | 0.586     | 
287     | 0.6977    | 0.5854    | 
288     | 0.698     | 0.5861    | 
289     | 0.6973    | 0.5864    | 
290     | 0.6981    | 0.5874    | 
291     | 0.6982    | 0.5859    | 
292     | 0.6973    | 0.584     | 
293     | 0.6976    | 0.5827    | 
294     | 0.6981    | 0.5866    | 
295     | 0.6976    | 0.5869    | 
296     | 0.6977    | 0.5887    | 
297     | 0.6978    | 0.5887    | 
298     | 0.6986    | 0.5898    | 
299     | 0.6982    | 0.5895    | 
300     | 0.6981    | 0.5895    | 
301     | 0.6991    | 0.59      | 
302     | 0.699     | 0.5899    | 
303     | 0.6993    | 0.5894    | 
304     | 0.7004    | 0.5905    | 
305     | 0.701     | 0.5902    | 
306     | 0.7015    | 0.5902    | 
307     | 0.7012    | 0.589     | 
308     | 0.7015    | 0.5904    | 
309     | 0.7014    | 0.5888    | 
310     | 0.7018    | 0.5895    | 
311     | 0.7018    | 0.588     | 
312     | 0.7015    | 0.5884    | 
313     | 0.7011    | 0.5866    | 
314     | 0.7011    | 0.5866    | 
315     | 0.7016    | 0.5859    | 
316     | 0.7018    | 0.5847    | 
317     | 0.7018    | 0.5847    | 
318     | 0.7015    | 0.5849    | 
319     | 0.7023    | 0.5852    | 
320     | 0.7022    | 0.585     | 
321     | 0.703     | 0.5852    | 
322     | 0.7032    | 0.5849    | 
323     | 0.7035    | 0.5852    | 
324     | 0.7039    | 0.585     | 
325     | 0.7034    | 0.5859    | 
326     | 0.7032    | 0.5859    | 
327     | 0.7034    | 0.5882    | 
328     | 0.7032    | 0.5878    | 
329     | 0.7037    | 0.5882    | 
330     | 0.7032    | 0.589     | 
331     | 0.7035    | 0.5887    | 
332     | 0.7036    | 0.5872    | 
333     | 0.7038    | 0.588     | 
334     | 0.7038    | 0.5894    | 
335     | 0.7047    | 0.589     | 
336     | 0.705     | 0.5897    | 
337     | 0.705     | 0.5892    | 
338     | 0.7054    | 0.5895    | 
339     | 0.7052    | 0.5896    | 
340     | 0.7048    | 0.5895    | 
341     | 0.706     | 0.5904    | 
342     | 0.706     | 0.5918    | 
343     | 0.7068    | 0.5917    | 
344     | 0.7071    | 0.5915    | 
345     | 0.7064    | 0.5915    | 
346     | 0.7059    | 0.591     | 
347     | 0.7068    | 0.5903    | 
348     | 0.7064    | 0.5902    | 
349     | 0.7061    | 0.5907    | 
350     | 0.707     | 0.5917    | 
351     | 0.707     | 0.5917    | 
352     | 0.7075    | 0.5919    | 
353     | 0.7075    | 0.5919    | 
354     | 0.7072    | 0.59      | 
355     | 0.7083    | 0.5914    | 
356     | 0.7096    | 0.5913    | 
357     | 0.7091    | 0.5903    | 
358     | 0.7095    | 0.5918    | 
359     | 0.7096    | 0.5919    | 
360     | 0.7087    | 0.5919    | 
361     | 0.7084    | 0.5922    | 
362     | 0.7087    | 0.5925    | 
363     | 0.7092    | 0.5917    | 
364     | 0.709     | 0.5924    | 
365     | 0.7089    | 0.5927    | 
366     | 0.7087    | 0.5925    | 
367     | 0.7093    | 0.5928    | 
368     | 0.7094    | 0.5926    | 
369     | 0.7088    | 0.5925    | 
370     | 0.7108    | 0.592     | 
371     | 0.7107    | 0.5934    | 
372     | 0.7107    | 0.5937    | 
373     | 0.7111    | 0.5947    | 
374     | 0.7113    | 0.5941    | 
375     | 0.7113    | 0.5952    | 
376     | 0.7124    | 0.5939    | 
377     | 0.7121    | 0.5941    | 
378     | 0.7119    | 0.5926    | 
379     | 0.7118    | 0.591     | 
380     | 0.7121    | 0.5914    | 
381     | 0.7116    | 0.5914    | 
382     | 0.7127    | 0.592     | 
383     | 0.7131    | 0.5928    | 
384     | 0.7126    | 0.5923    | 
385     | 0.7132    | 0.5925    | 
386     | 0.7127    | 0.5938    | 
387     | 0.7126    | 0.5925    | 
388     | 0.7121    | 0.5924    | 
389     | 0.7118    | 0.5917    | 
390     | 0.7121    | 0.5913    | 
391     | 0.7121    | 0.5913    | 
392     | 0.7121    | 0.5914    | 
393     | 0.7122    | 0.5913    | 
394     | 0.7123    | 0.5915    | 
395     | 0.7123    | 0.5916    | 
396     | 0.7117    | 0.5917    | 
397     | 0.7135    | 0.5929    | 
398     | 0.7136    | 0.5914    | 
399     | 0.7138    | 0.5914    | 
400     | 0.7137    | 0.5914    | 
401     | 0.7141    | 0.5924    | 
402     | 0.7135    | 0.5938    | 
403     | 0.7135    | 0.594     | 
404     | 0.7145    | 0.5934    | 
405     | 0.7138    | 0.5935    | 
406     | 0.7139    | 0.5935    | 
407     | 0.7128    | 0.5946    | 
408     | 0.7141    | 0.5944    | 
409     | 0.7147    | 0.5932    | 
410     | 0.7142    | 0.5917    | 
411     | 0.7144    | 0.5911    | 
412     | 0.7148    | 0.5915    | 
413     | 0.7142    | 0.5932    | 
414     | 0.7153    | 0.593     | 
415     | 0.7159    | 0.592     | 
416     | 0.7157    | 0.5917    | 
417     | 0.7157    | 0.5911    | 
418     | 0.7151    | 0.5911    | 
419     | 0.7156    | 0.591     | 
420     | 0.7164    | 0.5908    | 
421     | 0.7158    | 0.5901    | 
422     | 0.7162    | 0.5873    | 
423     | 0.7158    | 0.5873    | 
424     | 0.7154    | 0.5876    | 
425     | 0.7154    | 0.5871    | 
426     | 0.7151    | 0.5871    | 
427     | 0.7154    | 0.5871    | 
428     | 0.7155    | 0.5875    | 
429     | 0.7155    | 0.5875    | 
430     | 0.7158    | 0.5876    | 
431     | 0.7163    | 0.5877    | 
432     | 0.717     | 0.5873    | 
433     | 0.7179    | 0.5869    | 
434     | 0.7173    | 0.5869    | 
435     | 0.7169    | 0.5867    | 
436     | 0.7168    | 0.586     | 
437     | 0.7168    | 0.5859    | 
438     | 0.7166    | 0.586     | 
439     | 0.7165    | 0.5852    | 
440     | 0.7165    | 0.5856    | 
441     | 0.7165    | 0.5856    | 
442     | 0.7166    | 0.5856    | 
443     | 0.7166    | 0.5855    | 
444     | 0.7166    | 0.5855    | 
445     | 0.7173    | 0.5872    | 
446     | 0.7161    | 0.5872    | 
447     | 0.7157    | 0.5856    | 
448     | 0.7162    | 0.5856    | 
449     | 0.7163    | 0.5866    | 
450     | 0.7164    | 0.5866    | 
451     | 0.7164    | 0.5865    | 
452     | 0.7167    | 0.586     | 
453     | 0.7172    | 0.5866    | 
454     | 0.7169    | 0.5857    | 
455     | 0.7165    | 0.5854    | 
456     | 0.7174    | 0.5862    | 
457     | 0.7173    | 0.5865    | 
458     | 0.7179    | 0.5864    | 
459     | 0.7188    | 0.5868    | 
460     | 0.7184    | 0.5858    | 
461     | 0.7186    | 0.5847    | 
462     | 0.7186    | 0.5847    | 
463     | 0.7187    | 0.5852    | 
464     | 0.7187    | 0.5846    | 
465     | 0.7187    | 0.585     | 
466     | 0.7183    | 0.585     | 
467     | 0.7183    | 0.5863    | 
468     | 0.7183    | 0.5863    | 
469     | 0.7186    | 0.5854    | 
470     | 0.7184    | 0.5855    | 
471     | 0.7186    | 0.5851    | 
472     | 0.7191    | 0.5865    | 
473     | 0.7192    | 0.5855    | 
474     | 0.7187    | 0.585     | 
475     | 0.7187    | 0.5874    | 
476     | 0.7186    | 0.5872    | 
---------------------------------
Finished sucessfully.
NDCG@10 on training data: 0.7113
NDCG@10 on validation data: 0.5952
---------------------------------
NDCG@10 on test data: 0.629

Model saved to: ../model/experiment/model_parsetree.txt