## RankNet
## Epochs = 100
## No. of features = 28
## No. of hidden layers = 1
## Layer 1: 10 neurons
1 2 3 4 5 6 7 8 9 10 11 12 13 14 15 16 17 18 19 20 21 22 23 24 25 26 27 28
1
10
0 0 -0.11272455879978571 -4.1666496806559743E-4 -0.09186643706900925 0.10124819188108668 -0.08019669323179258 -0.040470445099931446 -0.011279401338757654 0.055759843121359745 -0.10771478063049868 -0.09485664543159543
0 1 -0.11830770669239837 -0.04433380614330849 0.019957328642350648 0.057380196716051275 0.01152568128937821 -0.1091102539642853 0.05772899700562001 0.10555559632523169 -0.06125319282277656 0.022640600203632677
0 2 -0.14395548411400272 -0.11473831549749935 -0.1452874311239049 0.16441773189335576 -0.012363394063394125 -0.2025804784169419 0.09190440504229923 0.13626257871209246 -0.08301919595080227 0.0010775346315466566
0 3 -0.16574060559594847 -0.0022841086986372054 -0.1477473802116359 0.04958915001582898 -0.10946123233003012 -0.24160743352225644 -0.014146819101686463 0.05063044485458044 -0.14853671909761426 -0.15390325185171852
0 4 -0.060133635696883486 0.06314159588789177 0.02385562127023311 0.06926829275585908 0.032612754765790015 -0.17954546302987995 0.09265452235238013 0.07515687144159593 4.4963140754899425E-5 -0.06503703018306926
0 5 -0.03084269304861706 0.06516434721232105 -0.05792527645531714 -0.01019140447809803 -0.02767594673331083 -0.06646578377955793 -0.03812744983836815 -0.05382318421809764 -0.007340506513308685 -0.0978724663077713
0 6 -0.056068985146622355 -0.03323841491912945 0.023675296275019162 -0.06465366363972164 0.04301306030726055 0.05695593392314506 0.08020604419757606 0.018403992195349744 0.027202632752042138 -0.08070355079093806
0 7 -0.008099208394970473 0.05153304404007983 0.04891785480866326 0.02689648524820762 -0.03255584875631189 0.030036915231953447 0.05177682076092869 -0.020185830203259963 0.08004257028706162 -0.10770779097758416
0 8 0.06950577843241759 0.025817717017679234 0.017095653906088044 0.0653212276357286 0.06850837213150086 -0.04503819491081333 -0.02436951757444951 0.04338821800622105 0.07415703542261945 0.04011201599196648
0 9 -0.029472261750429808 0.09065007402452861 -0.0112421505831719 -0.040615790122132935 -0.07084204250783492 -0.12347412835889322 -0.02103800233124991 0.05323152804322694 -0.025052751011012023 0.01617623667091897
0 10 -0.10193472428422408 0.022901088390690792 0.0406874836893075 -0.04210530640241955 -0.05908629792263393 0.033892198270052534 -0.0469293409225821 0.009224609828288313 -0.04309047295771062 -0.032864597123060606
0 11 0.039325038907682026 0.01974662190303149 0.06138644473355679 0.061250092026775844 -0.10450031043613524 -0.05121159996897746 0.019923089579421203 0.12206362145281313 0.042430541458604566 -0.11870414367281028
0 12 -0.055993969222093654 0.028391772095079527 -0.01339155766946031 0.04697447137665396 0.0378458544638972 -0.07284237018668537 0.05631880574953646 -0.06198191746667417 -0.08718902974990424 0.014362427040361444
0 13 0.023611423520981164 0.010044756683813817 -0.03647588438728165 -0.049509630201425896 -0.0673276980571038 -0.0267818368128697 0.027404542360098004 -0.05165015001789064 -0.011081698711666987 0.08825544656133986
0 14 -0.05047275004988868 0.0024530287156665676 0.0783632689380296 -0.0015451116641025545 -0.09611336060597436 0.05213974388962951 0.006786437336934043 -0.04155359126403505 0.07244859798543814 0.030210173121971613
0 15 0.00622400238722408 -0.0051081286706010694 0.03607265551605784 -0.05500803247393111 -0.010329827505149667 0.029632033411601876 0.08379280970577713 -0.04687713117248322 -0.013110897314964237 -0.10187850125282329
0 16 0.07981374602195139 0.016149629906018703 0.004638283099832713 0.06362058682170729 0.06052874432679503 -0.003995918931608089 -0.024883199085804133 0.053038095852108856 0.08227233205146459 0.05918409836441814
0 17 0.039372576550923306 -0.08615260642719658 0.005042409783865087 0.08357918480139663 0.0568170185069246 0.05979240581894494 0.08542725592902325 0.01400523670623693 0.032982869062329286 -0.017237320137637763
0 18 -0.06872942839275065 -0.08514022876500119 0.014823002901722535 7.504779385967675E-4 -0.00575353814165836 -0.01172303610980153 0.01947196180398752 0.022295419193267677 0.06578690728775047 -0.10683710784655222
0 19 -0.15300143809895697 -0.061005611386073674 -0.20124246497824982 0.19110487365271173 -0.2035262584279667 -0.26536729574251094 0.052652996261436415 0.18151261303833585 -0.155442257364964 -0.15817266555787304
0 20 -0.10016240841327699 -8.577212433696474E-4 0.0022095933822975007 -0.040084212736581616 0.07889146255898011 -0.07144473269077886 0.05608074630955227 0.05519025657369774 0.041891809599477886 -0.06577369545043284
0 21 -0.1069071114273762 -0.07735892836876175 0.05193358260701767 0.06627350676281121 -0.08137720891374697 0.030982157806350174 0.0972420196105177 0.03962676367793774 0.05677781234857664 -0.04677642993077396
0 22 -0.07105686645057943 -0.08821766186906507 -0.05501462560981736 0.07303268763355546 -0.04048083354699589 -0.05148781912583449 -0.03352054777867538 0.01375713545179453 -0.007929773530965484 -0.056848409033578254
0 23 -0.017643332860035103 -0.011521068729615256 0.07260821799754291 0.0013421216764331484 -0.07513969199812058 -0.13220886509962854 0.05516862267057866 0.10908672487774924 -0.05382530566400089 -0.073085882763458
0 24 -0.03765237077766163 0.09161982758351617 0.026748856675360883 0.01750016600041622 -0.12231965384878678 -0.07466171271924076 0.0011703760861823899 0.11987181490565857 -0.1088380057119963 -0.08204788569506884
0 25 0.08660730259219347 0.04028602725958052 -0.05869950594449642 -0.06627089570513987 0.01158161976341523 -0.1011403223872869 0.0677883107943644 -0.02243687079547079 0.0071289636093062785 -0.07072500819223604
0 26 0.06388196539750593 0.043714751879624994 -0.013868488664733794 -0.05649753049233046 -0.05640695614700951 0.001648644496431245 0.08101102497574884 -0.06002041723558632 0.030547112362149017 -0.09993581399081577
0 27 0.04377859334368184 0.003507772420476504 -0.07996521308201485 -0.0264428463311829 0.07748754897188558 -0.062340642911739505 -4.530438024301762E-4 0.11092016431886222 0.06528403884086859 -0.10186736809290796
0 28 -0.07769336271700474 0.08850358619404061 -0.09938599487844574 -0.018858597795843434 -0.019516318377888954 -0.0625460960373667 -0.02804600737997306 0.0729418394172693 0.03849595914151899 -0.07952168196393519 -0.059619882736480764
1 0 -0.16485573112362875
1 1 -0.06030372560289493
1 2 -0.17200925053718605
1 3 0.19697359072892423
1 4 -0.1986775654657935
1 5 -0.2469300722691238
1 6 0.1055571638643874
1 7 0.24855289821445714
1 8 -0.16214517892182204
1 9 -0.20305194313508945
