java -jar RankLib-2.14.jar -train ../data/experiment/unigram_pos_train.txt -test ../data/experiment/unigram_pos_test.txt -validate ../data/experiment/unigram_pos_validate.txt -ranker 6 -metric2t NDCG@10 -metric2T NDCG@10 -save ../model/experiment/model_unigram_pos.txt

Discard orig. features
Training data:	../data/experiment/unigram_pos_train.txt
Test data:	../data/experiment/unigram_pos_test.txt
Validation data:	../data/experiment/unigram_pos_validate.txt
Feature vector representation: Dense.
Ranking method:	LambdaMART
Feature description file:	Unspecified. All features will be used.
Train metric:	NDCG@10
Test metric:	NDCG@10
Feature normalization: No
Model file: ../model/experiment/model_unigram_pos.txt

[+] LambdaMART's Parameters:
No. of trees: 1000
No. of leaves: 10
No. of threshold candidates: 256
Min leaf support: 1
Learning rate: 0.1
Stop early: 100 rounds without performance gain on validation data

Reading feature file [../data/experiment/unigram_pos_train.txt]... [Done.]            
(152 ranked lists, 7600 entries read)
Reading feature file [../data/experiment/unigram_pos_validate.txt]... [Done.]            
(75 ranked lists, 3750 entries read)
Reading feature file [../data/experiment/unigram_pos_test.txt]... [Done.]            
(77 ranked lists, 3850 entries read)
Initializing... [Done]
---------------------------------
Training starts...
---------------------------------
#iter   | NDCG@10-T | NDCG@10-V | 
---------------------------------
1       | 0.5151    | 0.5087    | 
2       | 0.515     | 0.5135    | 
3       | 0.517     | 0.5172    | 
4       | 0.5195    | 0.5193    | 
5       | 0.5187    | 0.5192    | 
6       | 0.5219    | 0.5217    | 
7       | 0.5229    | 0.5229    | 
8       | 0.5268    | 0.5261    | 
9       | 0.5287    | 0.5271    | 
10      | 0.5305    | 0.5278    | 
11      | 0.5313    | 0.5308    | 
12      | 0.5317    | 0.5327    | 
13      | 0.5322    | 0.5307    | 
14      | 0.533     | 0.5306    | 
15      | 0.5351    | 0.5328    | 
16      | 0.5361    | 0.5335    | 
17      | 0.5347    | 0.5305    | 
18      | 0.5408    | 0.5302    | 
19      | 0.5421    | 0.5306    | 
20      | 0.5424    | 0.5317    | 
21      | 0.5429    | 0.5312    | 
22      | 0.5428    | 0.5297    | 
23      | 0.5439    | 0.5288    | 
24      | 0.5454    | 0.5321    | 
25      | 0.5445    | 0.5357    | 
26      | 0.5461    | 0.5315    | 
27      | 0.5467    | 0.5319    | 
28      | 0.5519    | 0.5363    | 
29      | 0.5516    | 0.5363    | 
30      | 0.5519    | 0.5376    | 
31      | 0.551     | 0.5351    | 
32      | 0.5528    | 0.538     | 
33      | 0.5501    | 0.5397    | 
34      | 0.5517    | 0.5369    | 
35      | 0.552     | 0.5362    | 
36      | 0.5543    | 0.5394    | 
37      | 0.5552    | 0.5405    | 
38      | 0.5578    | 0.5406    | 
39      | 0.5566    | 0.5386    | 
40      | 0.5571    | 0.5414    | 
41      | 0.5582    | 0.5404    | 
42      | 0.5602    | 0.541     | 
43      | 0.5608    | 0.5389    | 
44      | 0.5612    | 0.5427    | 
45      | 0.5606    | 0.5436    | 
46      | 0.5608    | 0.545     | 
47      | 0.562     | 0.5456    | 
48      | 0.5626    | 0.5463    | 
49      | 0.5632    | 0.5471    | 
50      | 0.5631    | 0.5416    | 
51      | 0.5654    | 0.5422    | 
52      | 0.566     | 0.5413    | 
53      | 0.5658    | 0.5411    | 
54      | 0.567     | 0.5418    | 
55      | 0.5703    | 0.5408    | 
56      | 0.572     | 0.5406    | 
57      | 0.5727    | 0.5422    | 
58      | 0.5712    | 0.5404    | 
59      | 0.5725    | 0.54      | 
60      | 0.5725    | 0.5421    | 
61      | 0.5727    | 0.5401    | 
62      | 0.5738    | 0.5415    | 
63      | 0.573     | 0.5405    | 
64      | 0.5741    | 0.543     | 
65      | 0.5732    | 0.5449    | 
66      | 0.5754    | 0.5427    | 
67      | 0.5764    | 0.5447    | 
68      | 0.5768    | 0.5443    | 
69      | 0.5767    | 0.5426    | 
70      | 0.5767    | 0.5433    | 
71      | 0.5768    | 0.5423    | 
72      | 0.5786    | 0.5423    | 
73      | 0.5796    | 0.5426    | 
74      | 0.5791    | 0.5419    | 
75      | 0.5843    | 0.5417    | 
76      | 0.5842    | 0.5443    | 
77      | 0.5843    | 0.5433    | 
78      | 0.5846    | 0.5431    | 
79      | 0.5904    | 0.543     | 
80      | 0.5912    | 0.5462    | 
81      | 0.591     | 0.5483    | 
82      | 0.5921    | 0.5486    | 
83      | 0.5922    | 0.5481    | 
84      | 0.5947    | 0.5487    | 
85      | 0.5948    | 0.5522    | 
86      | 0.5947    | 0.5518    | 
87      | 0.5967    | 0.5533    | 
88      | 0.5973    | 0.5531    | 
89      | 0.5978    | 0.553     | 
90      | 0.5986    | 0.5522    | 
91      | 0.5974    | 0.5523    | 
92      | 0.598     | 0.5543    | 
93      | 0.5978    | 0.5549    | 
94      | 0.5971    | 0.5579    | 
95      | 0.5979    | 0.558     | 
96      | 0.5983    | 0.5583    | 
97      | 0.5997    | 0.5592    | 
98      | 0.6001    | 0.559     | 
99      | 0.6021    | 0.5604    | 
100     | 0.6047    | 0.561     | 
101     | 0.6053    | 0.5585    | 
102     | 0.606     | 0.5628    | 
103     | 0.6065    | 0.5627    | 
104     | 0.6071    | 0.5651    | 
105     | 0.6065    | 0.5637    | 
106     | 0.6071    | 0.5638    | 
107     | 0.607     | 0.5652    | 
108     | 0.6071    | 0.5651    | 
109     | 0.6071    | 0.565     | 
110     | 0.6071    | 0.5647    | 
111     | 0.6072    | 0.565     | 
112     | 0.6082    | 0.5645    | 
113     | 0.6087    | 0.5646    | 
114     | 0.6086    | 0.5636    | 
115     | 0.609     | 0.5636    | 
116     | 0.6092    | 0.5613    | 
117     | 0.6091    | 0.5613    | 
118     | 0.6092    | 0.5613    | 
119     | 0.6097    | 0.5616    | 
120     | 0.6115    | 0.5615    | 
121     | 0.6117    | 0.5618    | 
122     | 0.6116    | 0.5621    | 
123     | 0.6111    | 0.5634    | 
124     | 0.6116    | 0.5628    | 
125     | 0.612     | 0.5653    | 
126     | 0.6121    | 0.5651    | 
127     | 0.612     | 0.5651    | 
128     | 0.6123    | 0.5646    | 
129     | 0.6122    | 0.5646    | 
130     | 0.612     | 0.5652    | 
131     | 0.6118    | 0.5648    | 
132     | 0.612     | 0.5646    | 
133     | 0.6128    | 0.5661    | 
134     | 0.6135    | 0.5664    | 
135     | 0.6142    | 0.5677    | 
136     | 0.6133    | 0.566     | 
137     | 0.614     | 0.5661    | 
138     | 0.6132    | 0.5665    | 
139     | 0.6134    | 0.5675    | 
140     | 0.6134    | 0.5675    | 
141     | 0.6143    | 0.5669    | 
142     | 0.6138    | 0.5682    | 
143     | 0.6141    | 0.5673    | 
144     | 0.6145    | 0.5674    | 
145     | 0.6151    | 0.5682    | 
146     | 0.6159    | 0.5688    | 
147     | 0.6158    | 0.5683    | 
148     | 0.6155    | 0.5683    | 
149     | 0.6159    | 0.5693    | 
150     | 0.6157    | 0.5693    | 
151     | 0.616     | 0.5695    | 
152     | 0.6176    | 0.5701    | 
153     | 0.618     | 0.5716    | 
154     | 0.6176    | 0.5706    | 
155     | 0.6183    | 0.5696    | 
156     | 0.6186    | 0.5691    | 
157     | 0.6203    | 0.5688    | 
158     | 0.6203    | 0.5701    | 
159     | 0.6215    | 0.5727    | 
160     | 0.6217    | 0.5759    | 
161     | 0.6215    | 0.576     | 
162     | 0.622     | 0.5715    | 
163     | 0.6266    | 0.5755    | 
164     | 0.6274    | 0.5748    | 
165     | 0.6271    | 0.5749    | 
166     | 0.6282    | 0.577     | 
167     | 0.6292    | 0.5783    | 
168     | 0.6301    | 0.5773    | 
169     | 0.6303    | 0.5759    | 
170     | 0.6303    | 0.5757    | 
171     | 0.6294    | 0.5747    | 
172     | 0.6296    | 0.5756    | 
173     | 0.6296    | 0.5772    | 
174     | 0.6302    | 0.5778    | 
175     | 0.6296    | 0.5782    | 
176     | 0.6303    | 0.5788    | 
177     | 0.6313    | 0.5795    | 
178     | 0.6315    | 0.579     | 
179     | 0.6329    | 0.5789    | 
180     | 0.6331    | 0.5807    | 
181     | 0.6333    | 0.5801    | 
182     | 0.6334    | 0.5791    | 
183     | 0.6333    | 0.5788    | 
184     | 0.6335    | 0.5793    | 
185     | 0.635     | 0.5792    | 
186     | 0.6355    | 0.5796    | 
187     | 0.636     | 0.5799    | 
188     | 0.6357    | 0.5795    | 
189     | 0.6348    | 0.5796    | 
190     | 0.6358    | 0.581     | 
191     | 0.6364    | 0.5826    | 
192     | 0.6363    | 0.5827    | 
193     | 0.6362    | 0.5821    | 
194     | 0.6361    | 0.5801    | 
195     | 0.6368    | 0.5809    | 
196     | 0.6365    | 0.5814    | 
197     | 0.6373    | 0.5806    | 
198     | 0.638     | 0.5814    | 
199     | 0.6388    | 0.5805    | 
200     | 0.6394    | 0.58      | 
201     | 0.6398    | 0.5795    | 
202     | 0.6386    | 0.5795    | 
203     | 0.6409    | 0.5794    | 
204     | 0.6413    | 0.5796    | 
205     | 0.6424    | 0.5819    | 
206     | 0.6431    | 0.5827    | 
207     | 0.6436    | 0.5819    | 
208     | 0.6437    | 0.5824    | 
209     | 0.6433    | 0.5826    | 
210     | 0.6426    | 0.5807    | 
211     | 0.6436    | 0.5823    | 
212     | 0.6429    | 0.5818    | 
213     | 0.6439    | 0.5814    | 
214     | 0.6446    | 0.5814    | 
215     | 0.6454    | 0.5816    | 
216     | 0.645     | 0.5823    | 
217     | 0.6451    | 0.582     | 
218     | 0.6453    | 0.582     | 
219     | 0.6467    | 0.5821    | 
220     | 0.6468    | 0.583     | 
221     | 0.6466    | 0.583     | 
222     | 0.6479    | 0.5845    | 
223     | 0.6478    | 0.5824    | 
224     | 0.6473    | 0.5846    | 
225     | 0.6485    | 0.5844    | 
226     | 0.6493    | 0.5873    | 
227     | 0.6501    | 0.5852    | 
228     | 0.65      | 0.5885    | 
229     | 0.6502    | 0.588     | 
230     | 0.6507    | 0.5908    | 
231     | 0.6506    | 0.5907    | 
232     | 0.6512    | 0.5902    | 
233     | 0.6513    | 0.5904    | 
234     | 0.6514    | 0.5885    | 
235     | 0.6523    | 0.588     | 
236     | 0.6519    | 0.5897    | 
237     | 0.6527    | 0.5887    | 
238     | 0.6529    | 0.5891    | 
239     | 0.6534    | 0.5887    | 
240     | 0.6528    | 0.589     | 
241     | 0.653     | 0.5883    | 
242     | 0.6531    | 0.5894    | 
243     | 0.6537    | 0.5895    | 
244     | 0.654     | 0.5896    | 
245     | 0.6534    | 0.5892    | 
246     | 0.6543    | 0.5884    | 
247     | 0.6549    | 0.5886    | 
248     | 0.6558    | 0.5884    | 
249     | 0.6561    | 0.5883    | 
250     | 0.6564    | 0.5894    | 
251     | 0.6568    | 0.589     | 
252     | 0.6574    | 0.5892    | 
253     | 0.6573    | 0.5893    | 
254     | 0.6577    | 0.5899    | 
255     | 0.6557    | 0.5902    | 
256     | 0.6558    | 0.5897    | 
257     | 0.657     | 0.5893    | 
258     | 0.6572    | 0.5912    | 
259     | 0.6575    | 0.5912    | 
260     | 0.6578    | 0.5913    | 
261     | 0.6568    | 0.5911    | 
262     | 0.6571    | 0.5912    | 
263     | 0.6576    | 0.591     | 
264     | 0.6592    | 0.5902    | 
265     | 0.6584    | 0.5932    | 
266     | 0.6589    | 0.5928    | 
267     | 0.6591    | 0.5917    | 
268     | 0.6591    | 0.593     | 
269     | 0.6591    | 0.5927    | 
270     | 0.6589    | 0.5948    | 
271     | 0.6591    | 0.5944    | 
272     | 0.6593    | 0.5958    | 
273     | 0.6592    | 0.5962    | 
274     | 0.6598    | 0.5962    | 
275     | 0.66      | 0.5962    | 
276     | 0.6596    | 0.5964    | 
277     | 0.6602    | 0.5961    | 
278     | 0.6607    | 0.5962    | 
279     | 0.6607    | 0.598     | 
280     | 0.6608    | 0.5981    | 
281     | 0.6604    | 0.5981    | 
282     | 0.6609    | 0.5975    | 
283     | 0.6609    | 0.5975    | 
284     | 0.661     | 0.5963    | 
285     | 0.6612    | 0.5959    | 
286     | 0.6618    | 0.5966    | 
287     | 0.6618    | 0.5969    | 
288     | 0.6623    | 0.5972    | 
289     | 0.6623    | 0.5968    | 
290     | 0.6634    | 0.5971    | 
291     | 0.6637    | 0.597     | 
292     | 0.6638    | 0.5966    | 
293     | 0.6636    | 0.5948    | 
294     | 0.6637    | 0.5951    | 
295     | 0.6641    | 0.5953    | 
296     | 0.6646    | 0.5963    | 
297     | 0.6644    | 0.5962    | 
298     | 0.6645    | 0.5963    | 
299     | 0.6645    | 0.5961    | 
300     | 0.6646    | 0.5964    | 
301     | 0.6647    | 0.5966    | 
302     | 0.6646    | 0.5958    | 
303     | 0.6654    | 0.5965    | 
304     | 0.6653    | 0.5965    | 
305     | 0.6656    | 0.5986    | 
306     | 0.6652    | 0.5979    | 
307     | 0.6653    | 0.5975    | 
308     | 0.6652    | 0.5974    | 
309     | 0.6657    | 0.5973    | 
310     | 0.6659    | 0.5973    | 
311     | 0.6657    | 0.5972    | 
312     | 0.6653    | 0.597     | 
313     | 0.665     | 0.597     | 
314     | 0.665     | 0.5975    | 
315     | 0.6648    | 0.5975    | 
316     | 0.6653    | 0.597     | 
317     | 0.6658    | 0.5969    | 
318     | 0.666     | 0.5969    | 
319     | 0.6663    | 0.5971    | 
320     | 0.6668    | 0.5974    | 
321     | 0.6669    | 0.5976    | 
322     | 0.6663    | 0.5969    | 
323     | 0.6663    | 0.5963    | 
324     | 0.6657    | 0.5964    | 
325     | 0.665     | 0.5964    | 
326     | 0.6657    | 0.5964    | 
327     | 0.6662    | 0.597     | 
328     | 0.6669    | 0.5974    | 
329     | 0.6693    | 0.5976    | 
330     | 0.6704    | 0.5981    | 
331     | 0.6697    | 0.5993    | 
332     | 0.6698    | 0.5993    | 
333     | 0.6697    | 0.6005    | 
334     | 0.6701    | 0.6       | 
335     | 0.6701    | 0.6001    | 
336     | 0.6707    | 0.6001    | 
337     | 0.671     | 0.6       | 
338     | 0.6716    | 0.5995    | 
339     | 0.6714    | 0.5993    | 
340     | 0.6711    | 0.5993    | 
341     | 0.6714    | 0.6007    | 
342     | 0.672     | 0.6007    | 
343     | 0.6701    | 0.5999    | 
344     | 0.67      | 0.6       | 
345     | 0.6701    | 0.6001    | 
346     | 0.6705    | 0.6       | 
347     | 0.6703    | 0.6003    | 
348     | 0.6705    | 0.601     | 
349     | 0.6714    | 0.6003    | 
350     | 0.6709    | 0.5978    | 
351     | 0.6709    | 0.5973    | 
352     | 0.6705    | 0.5981    | 
353     | 0.671     | 0.5978    | 
354     | 0.6717    | 0.5977    | 
355     | 0.6716    | 0.5978    | 
356     | 0.6713    | 0.598     | 
357     | 0.6707    | 0.5977    | 
358     | 0.6715    | 0.5997    | 
359     | 0.6714    | 0.6008    | 
360     | 0.6708    | 0.6014    | 
361     | 0.672     | 0.5997    | 
362     | 0.6723    | 0.5993    | 
363     | 0.6723    | 0.599     | 
364     | 0.6725    | 0.5986    | 
365     | 0.6728    | 0.5987    | 
366     | 0.6735    | 0.6       | 
367     | 0.6752    | 0.6003    | 
368     | 0.6755    | 0.6005    | 
369     | 0.6761    | 0.599     | 
370     | 0.6758    | 0.5995    | 
371     | 0.6757    | 0.5997    | 
372     | 0.6759    | 0.6003    | 
373     | 0.676     | 0.6005    | 
374     | 0.6764    | 0.6       | 
375     | 0.6766    | 0.6001    | 
376     | 0.6764    | 0.5997    | 
377     | 0.677     | 0.5996    | 
378     | 0.677     | 0.5999    | 
379     | 0.677     | 0.599     | 
380     | 0.6773    | 0.6002    | 
381     | 0.6788    | 0.6004    | 
382     | 0.679     | 0.6006    | 
383     | 0.6791    | 0.6011    | 
384     | 0.6798    | 0.6006    | 
385     | 0.6804    | 0.6001    | 
386     | 0.6801    | 0.6001    | 
387     | 0.6803    | 0.6003    | 
388     | 0.6806    | 0.602     | 
389     | 0.6808    | 0.6003    | 
390     | 0.68      | 0.6001    | 
391     | 0.6802    | 0.6012    | 
392     | 0.6801    | 0.6012    | 
393     | 0.6803    | 0.6013    | 
394     | 0.6795    | 0.6018    | 
395     | 0.68      | 0.601     | 
396     | 0.6805    | 0.6015    | 
397     | 0.6814    | 0.6029    | 
398     | 0.6819    | 0.6034    | 
399     | 0.6821    | 0.6037    | 
400     | 0.6824    | 0.6055    | 
401     | 0.6821    | 0.6051    | 
402     | 0.6822    | 0.6055    | 
403     | 0.6828    | 0.6052    | 
404     | 0.6831    | 0.6056    | 
405     | 0.6832    | 0.6058    | 
406     | 0.6835    | 0.6066    | 
407     | 0.6835    | 0.6083    | 
408     | 0.6835    | 0.6063    | 
409     | 0.6837    | 0.6058    | 
410     | 0.684     | 0.6063    | 
411     | 0.6835    | 0.607     | 
412     | 0.6831    | 0.607     | 
413     | 0.684     | 0.6045    | 
414     | 0.684     | 0.6074    | 
415     | 0.6846    | 0.6068    | 
416     | 0.684     | 0.6074    | 
417     | 0.6843    | 0.6074    | 
418     | 0.6835    | 0.6069    | 
419     | 0.6845    | 0.6066    | 
420     | 0.6852    | 0.6075    | 
421     | 0.6856    | 0.608     | 
422     | 0.6853    | 0.6068    | 
423     | 0.6854    | 0.6073    | 
424     | 0.6852    | 0.6071    | 
425     | 0.6853    | 0.6076    | 
426     | 0.6858    | 0.6069    | 
427     | 0.6856    | 0.6075    | 
428     | 0.6857    | 0.6068    | 
429     | 0.6865    | 0.6074    | 
430     | 0.6876    | 0.6069    | 
431     | 0.6879    | 0.607     | 
432     | 0.6884    | 0.6085    | 
433     | 0.6876    | 0.6065    | 
434     | 0.6887    | 0.6064    | 
435     | 0.6885    | 0.6081    | 
436     | 0.6887    | 0.6073    | 
437     | 0.689     | 0.6071    | 
438     | 0.6891    | 0.6071    | 
439     | 0.6895    | 0.607     | 
440     | 0.6893    | 0.607     | 
441     | 0.6897    | 0.6071    | 
442     | 0.6904    | 0.6078    | 
443     | 0.69      | 0.6077    | 
444     | 0.6904    | 0.6085    | 
445     | 0.6906    | 0.6078    | 
446     | 0.691     | 0.6079    | 
447     | 0.691     | 0.6079    | 
448     | 0.6913    | 0.6079    | 
449     | 0.6917    | 0.6096    | 
450     | 0.6918    | 0.6094    | 
451     | 0.6922    | 0.6092    | 
452     | 0.6921    | 0.6085    | 
453     | 0.6927    | 0.6083    | 
454     | 0.6939    | 0.6101    | 
455     | 0.6939    | 0.6087    | 
456     | 0.6935    | 0.6115    | 
457     | 0.6937    | 0.6082    | 
458     | 0.6934    | 0.608     | 
459     | 0.6946    | 0.6067    | 
460     | 0.6946    | 0.6067    | 
461     | 0.6953    | 0.6068    | 
462     | 0.6945    | 0.6068    | 
463     | 0.6945    | 0.6067    | 
464     | 0.6945    | 0.6064    | 
465     | 0.695     | 0.6062    | 
466     | 0.6945    | 0.6055    | 
467     | 0.695     | 0.6071    | 
468     | 0.6948    | 0.6074    | 
469     | 0.6946    | 0.6094    | 
470     | 0.6945    | 0.6089    | 
471     | 0.6945    | 0.6091    | 
472     | 0.6944    | 0.6096    | 
473     | 0.6951    | 0.6104    | 
474     | 0.694     | 0.6105    | 
475     | 0.694     | 0.6109    | 
476     | 0.6942    | 0.6113    | 
477     | 0.6946    | 0.6107    | 
478     | 0.6946    | 0.6109    | 
479     | 0.6949    | 0.6114    | 
480     | 0.6952    | 0.6114    | 
481     | 0.695     | 0.6113    | 
482     | 0.6949    | 0.6122    | 
483     | 0.6941    | 0.6116    | 
484     | 0.695     | 0.6124    | 
485     | 0.696     | 0.6108    | 
486     | 0.6977    | 0.6127    | 
487     | 0.6973    | 0.6135    | 
488     | 0.6987    | 0.6149    | 
489     | 0.6973    | 0.6148    | 
490     | 0.6987    | 0.6158    | 
491     | 0.699     | 0.6158    | 
492     | 0.6992    | 0.616     | 
493     | 0.6993    | 0.6164    | 
494     | 0.6999    | 0.6167    | 
495     | 0.7       | 0.6176    | 
496     | 0.7003    | 0.617     | 
497     | 0.7009    | 0.6169    | 
498     | 0.7001    | 0.6165    | 
499     | 0.7005    | 0.6169    | 
500     | 0.7004    | 0.6181    | 
501     | 0.6993    | 0.6178    | 
502     | 0.6989    | 0.6187    | 
503     | 0.6989    | 0.6181    | 
504     | 0.6993    | 0.6185    | 
505     | 0.7006    | 0.619     | 
506     | 0.7004    | 0.6193    | 
507     | 0.7004    | 0.6191    | 
508     | 0.7003    | 0.6186    | 
509     | 0.7003    | 0.6181    | 
510     | 0.7013    | 0.6195    | 
511     | 0.7011    | 0.6202    | 
512     | 0.7016    | 0.6197    | 
513     | 0.7017    | 0.6202    | 
514     | 0.7016    | 0.6219    | 
515     | 0.7011    | 0.6217    | 
516     | 0.7018    | 0.6229    | 
517     | 0.7019    | 0.6229    | 
518     | 0.7022    | 0.6229    | 
519     | 0.7019    | 0.6214    | 
520     | 0.7029    | 0.6224    | 
521     | 0.7025    | 0.623     | 
522     | 0.7021    | 0.6231    | 
523     | 0.7025    | 0.6241    | 
524     | 0.7034    | 0.6222    | 
525     | 0.7026    | 0.6223    | 
526     | 0.7024    | 0.6221    | 
527     | 0.7034    | 0.6219    | 
528     | 0.7035    | 0.6221    | 
529     | 0.7031    | 0.6221    | 
530     | 0.703     | 0.622     | 
531     | 0.703     | 0.6232    | 
532     | 0.7028    | 0.6234    | 
533     | 0.7029    | 0.6222    | 
534     | 0.7029    | 0.6227    | 
535     | 0.7033    | 0.6227    | 
536     | 0.7038    | 0.6229    | 
537     | 0.7039    | 0.6238    | 
538     | 0.704     | 0.6234    | 
539     | 0.7063    | 0.6244    | 
540     | 0.7062    | 0.6254    | 
541     | 0.7062    | 0.6259    | 
542     | 0.7058    | 0.6255    | 
543     | 0.7063    | 0.6261    | 
544     | 0.7064    | 0.626     | 
545     | 0.7063    | 0.6265    | 
546     | 0.7064    | 0.6246    | 
547     | 0.7069    | 0.6237    | 
548     | 0.7068    | 0.6237    | 
549     | 0.7072    | 0.6235    | 
550     | 0.7069    | 0.6231    | 
551     | 0.7068    | 0.6243    | 
552     | 0.7071    | 0.6243    | 
553     | 0.7068    | 0.6239    | 
554     | 0.707     | 0.6242    | 
555     | 0.707     | 0.6248    | 
556     | 0.7074    | 0.6251    | 
557     | 0.7073    | 0.6254    | 
558     | 0.7078    | 0.6255    | 
559     | 0.708     | 0.6243    | 
560     | 0.7081    | 0.6255    | 
561     | 0.708     | 0.6254    | 
562     | 0.7085    | 0.6259    | 
563     | 0.7079    | 0.6261    | 
564     | 0.7083    | 0.6256    | 
565     | 0.7091    | 0.6255    | 
566     | 0.7097    | 0.6253    | 
567     | 0.7094    | 0.6254    | 
568     | 0.7094    | 0.6254    | 
569     | 0.7089    | 0.625     | 
570     | 0.7088    | 0.6251    | 
571     | 0.7088    | 0.6257    | 
572     | 0.7091    | 0.6257    | 
573     | 0.7097    | 0.6258    | 
574     | 0.7098    | 0.626     | 
575     | 0.7106    | 0.6259    | 
576     | 0.7106    | 0.6265    | 
577     | 0.7105    | 0.6264    | 
578     | 0.7103    | 0.6244    | 
579     | 0.7103    | 0.6242    | 
580     | 0.7104    | 0.6244    | 
581     | 0.7104    | 0.6241    | 
582     | 0.7106    | 0.6241    | 
583     | 0.7108    | 0.6241    | 
584     | 0.7111    | 0.6241    | 
585     | 0.7114    | 0.6258    | 
586     | 0.7116    | 0.6254    | 
587     | 0.7111    | 0.6253    | 
588     | 0.7112    | 0.6253    | 
589     | 0.7115    | 0.6244    | 
590     | 0.7116    | 0.6254    | 
591     | 0.7124    | 0.6267    | 
592     | 0.7122    | 0.6264    | 
593     | 0.7127    | 0.6274    | 
594     | 0.7129    | 0.628     | 
595     | 0.712     | 0.627     | 
596     | 0.7123    | 0.6275    | 
597     | 0.7124    | 0.6275    | 
598     | 0.7125    | 0.627     | 
599     | 0.7128    | 0.6271    | 
600     | 0.7122    | 0.6267    | 
601     | 0.7129    | 0.6277    | 
602     | 0.7127    | 0.6257    | 
603     | 0.7131    | 0.6268    | 
604     | 0.7129    | 0.6278    | 
605     | 0.713     | 0.6256    | 
606     | 0.7123    | 0.6272    | 
607     | 0.7128    | 0.6266    | 
608     | 0.7135    | 0.6266    | 
609     | 0.7138    | 0.6267    | 
610     | 0.7146    | 0.6265    | 
611     | 0.7158    | 0.6266    | 
612     | 0.7155    | 0.6266    | 
613     | 0.715     | 0.6265    | 
614     | 0.7156    | 0.6267    | 
615     | 0.715     | 0.6267    | 
616     | 0.7152    | 0.6268    | 
617     | 0.7151    | 0.6268    | 
618     | 0.7152    | 0.6268    | 
619     | 0.7159    | 0.6268    | 
620     | 0.716     | 0.6259    | 
621     | 0.7152    | 0.6246    | 
622     | 0.715     | 0.6252    | 
623     | 0.7156    | 0.6253    | 
624     | 0.7155    | 0.6253    | 
625     | 0.7155    | 0.6255    | 
626     | 0.7161    | 0.6258    | 
627     | 0.7166    | 0.6273    | 
628     | 0.7166    | 0.6276    | 
629     | 0.7168    | 0.6291    | 
630     | 0.7166    | 0.6264    | 
631     | 0.7166    | 0.6251    | 
632     | 0.7161    | 0.6251    | 
633     | 0.7163    | 0.6266    | 
634     | 0.7163    | 0.6248    | 
635     | 0.7159    | 0.625     | 
636     | 0.717     | 0.6251    | 
637     | 0.7169    | 0.6242    | 
638     | 0.7171    | 0.6255    | 
639     | 0.7168    | 0.6245    | 
640     | 0.7169    | 0.6245    | 
641     | 0.718     | 0.625     | 
642     | 0.7173    | 0.6246    | 
643     | 0.7178    | 0.6247    | 
644     | 0.7173    | 0.6246    | 
645     | 0.717     | 0.6249    | 
646     | 0.7173    | 0.6268    | 
647     | 0.7176    | 0.6279    | 
648     | 0.7177    | 0.6281    | 
649     | 0.7177    | 0.6281    | 
650     | 0.7175    | 0.6279    | 
651     | 0.7181    | 0.6276    | 
652     | 0.7183    | 0.6278    | 
653     | 0.719     | 0.6279    | 
654     | 0.7192    | 0.6275    | 
655     | 0.7195    | 0.6278    | 
656     | 0.7189    | 0.6278    | 
657     | 0.7187    | 0.628     | 
658     | 0.7186    | 0.627     | 
659     | 0.7188    | 0.6291    | 
660     | 0.7189    | 0.6297    | 
661     | 0.7187    | 0.6292    | 
662     | 0.7187    | 0.6284    | 
663     | 0.7186    | 0.6282    | 
664     | 0.7189    | 0.6284    | 
665     | 0.7192    | 0.63      | 
666     | 0.7189    | 0.63      | 
667     | 0.719     | 0.6306    | 
668     | 0.719     | 0.6311    | 
669     | 0.7194    | 0.6311    | 
670     | 0.7192    | 0.6305    | 
671     | 0.7195    | 0.6311    | 
672     | 0.7194    | 0.6309    | 
673     | 0.72      | 0.6306    | 
674     | 0.7203    | 0.6306    | 
675     | 0.7194    | 0.6306    | 
676     | 0.7191    | 0.6303    | 
677     | 0.72      | 0.6303    | 
678     | 0.7194    | 0.6309    | 
679     | 0.7197    | 0.6309    | 
680     | 0.7193    | 0.6291    | 
681     | 0.7201    | 0.629     | 
682     | 0.721     | 0.6287    | 
683     | 0.7212    | 0.6291    | 
684     | 0.7215    | 0.629     | 
685     | 0.7216    | 0.6298    | 
686     | 0.7216    | 0.6296    | 
687     | 0.7216    | 0.6296    | 
688     | 0.7216    | 0.6299    | 
689     | 0.7225    | 0.6297    | 
690     | 0.7229    | 0.6296    | 
691     | 0.722     | 0.6294    | 
692     | 0.723     | 0.6304    | 
693     | 0.7229    | 0.6301    | 
694     | 0.7228    | 0.6308    | 
695     | 0.723     | 0.6293    | 
696     | 0.7235    | 0.6298    | 
697     | 0.7238    | 0.6298    | 
698     | 0.7237    | 0.6295    | 
699     | 0.724     | 0.6293    | 
700     | 0.724     | 0.6299    | 
701     | 0.7239    | 0.6303    | 
702     | 0.7243    | 0.6295    | 
703     | 0.7237    | 0.6313    | 
704     | 0.7243    | 0.6309    | 
705     | 0.7247    | 0.6309    | 
706     | 0.7246    | 0.6306    | 
707     | 0.725     | 0.6307    | 
708     | 0.7254    | 0.6298    | 
709     | 0.7259    | 0.6309    | 
710     | 0.7264    | 0.6309    | 
711     | 0.7259    | 0.6313    | 
712     | 0.7259    | 0.6309    | 
713     | 0.7269    | 0.6308    | 
714     | 0.7269    | 0.6307    | 
715     | 0.7274    | 0.6306    | 
716     | 0.7271    | 0.6308    | 
717     | 0.7268    | 0.6305    | 
718     | 0.727     | 0.6299    | 
719     | 0.7271    | 0.6279    | 
720     | 0.7279    | 0.6281    | 
721     | 0.7278    | 0.6285    | 
722     | 0.7276    | 0.6285    | 
723     | 0.7276    | 0.6297    | 
724     | 0.7286    | 0.6317    | 
725     | 0.7288    | 0.6316    | 
726     | 0.7286    | 0.6316    | 
727     | 0.7285    | 0.6316    | 
728     | 0.7284    | 0.6295    | 
729     | 0.7288    | 0.6298    | 
730     | 0.7287    | 0.6297    | 
731     | 0.7296    | 0.6289    | 
732     | 0.7297    | 0.6293    | 
733     | 0.7296    | 0.6296    | 
734     | 0.7297    | 0.6308    | 
735     | 0.7298    | 0.6294    | 
736     | 0.7299    | 0.6292    | 
737     | 0.7323    | 0.6306    | 
738     | 0.7317    | 0.6286    | 
739     | 0.7313    | 0.629     | 
740     | 0.7322    | 0.6284    | 
741     | 0.7323    | 0.6284    | 
742     | 0.7329    | 0.6285    | 
743     | 0.733     | 0.6284    | 
744     | 0.7326    | 0.6292    | 
745     | 0.7329    | 0.6298    | 
746     | 0.7326    | 0.6294    | 
747     | 0.733     | 0.6295    | 
748     | 0.733     | 0.63      | 
749     | 0.7341    | 0.6301    | 
750     | 0.7336    | 0.6309    | 
751     | 0.7337    | 0.6309    | 
752     | 0.7337    | 0.6306    | 
753     | 0.7338    | 0.6306    | 
754     | 0.7336    | 0.6313    | 
755     | 0.7337    | 0.6313    | 
756     | 0.734     | 0.6308    | 
757     | 0.7345    | 0.6307    | 
758     | 0.7343    | 0.6303    | 
759     | 0.7332    | 0.6309    | 
760     | 0.7343    | 0.631     | 
761     | 0.7344    | 0.6319    | 
762     | 0.7347    | 0.6315    | 
763     | 0.7352    | 0.632     | 
764     | 0.734     | 0.6315    | 
765     | 0.7343    | 0.6321    | 
766     | 0.7341    | 0.6313    | 
767     | 0.7347    | 0.6334    | 
768     | 0.7351    | 0.6325    | 
769     | 0.7352    | 0.6325    | 
770     | 0.7353    | 0.6324    | 
771     | 0.7351    | 0.6329    | 
772     | 0.735     | 0.633     | 
773     | 0.736     | 0.6323    | 
774     | 0.7359    | 0.6331    | 
775     | 0.7369    | 0.6331    | 
776     | 0.7361    | 0.6345    | 
777     | 0.7364    | 0.6341    | 
778     | 0.7363    | 0.6342    | 
779     | 0.736     | 0.636     | 
780     | 0.7365    | 0.6352    | 
781     | 0.7365    | 0.6352    | 
782     | 0.7356    | 0.6354    | 
783     | 0.7357    | 0.6362    | 
784     | 0.7361    | 0.6361    | 
785     | 0.7361    | 0.6361    | 
786     | 0.7363    | 0.6361    | 
787     | 0.7343    | 0.636     | 
788     | 0.7351    | 0.636     | 
789     | 0.7351    | 0.6359    | 
790     | 0.7353    | 0.6364    | 
791     | 0.7363    | 0.6371    | 
792     | 0.7368    | 0.637     | 
793     | 0.7367    | 0.6371    | 
794     | 0.7368    | 0.6349    | 
795     | 0.7366    | 0.6361    | 
796     | 0.7368    | 0.6366    | 
797     | 0.7375    | 0.6374    | 
798     | 0.7383    | 0.6373    | 
799     | 0.7381    | 0.6372    | 
800     | 0.7384    | 0.6366    | 
801     | 0.7387    | 0.637     | 
802     | 0.7383    | 0.637     | 
803     | 0.7378    | 0.6371    | 
804     | 0.7379    | 0.6367    | 
805     | 0.7379    | 0.6359    | 
806     | 0.7383    | 0.6358    | 
807     | 0.7383    | 0.635     | 
808     | 0.7377    | 0.635     | 
809     | 0.7377    | 0.6334    | 
810     | 0.7378    | 0.6336    | 
811     | 0.7373    | 0.6348    | 
812     | 0.7379    | 0.6346    | 
813     | 0.7381    | 0.6352    | 
814     | 0.7381    | 0.634     | 
815     | 0.7384    | 0.6349    | 
816     | 0.7381    | 0.6349    | 
817     | 0.7382    | 0.635     | 
818     | 0.7383    | 0.6359    | 
819     | 0.7383    | 0.6364    | 
820     | 0.7389    | 0.6385    | 
821     | 0.7389    | 0.6367    | 
822     | 0.7386    | 0.6369    | 
823     | 0.7385    | 0.6361    | 
824     | 0.7393    | 0.6356    | 
825     | 0.7392    | 0.6365    | 
826     | 0.739     | 0.6353    | 
827     | 0.7393    | 0.6369    | 
828     | 0.7401    | 0.6352    | 
829     | 0.7403    | 0.6342    | 
830     | 0.7413    | 0.6343    | 
831     | 0.7416    | 0.6343    | 
832     | 0.7423    | 0.6349    | 
833     | 0.7427    | 0.6361    | 
834     | 0.7432    | 0.6361    | 
835     | 0.7434    | 0.6365    | 
836     | 0.7429    | 0.6369    | 
837     | 0.743     | 0.6369    | 
838     | 0.7431    | 0.6369    | 
839     | 0.7436    | 0.6362    | 
840     | 0.7438    | 0.6362    | 
841     | 0.7438    | 0.6367    | 
842     | 0.7444    | 0.6364    | 
843     | 0.7444    | 0.6364    | 
844     | 0.7444    | 0.6354    | 
845     | 0.744     | 0.6343    | 
846     | 0.744     | 0.6351    | 
847     | 0.7438    | 0.6349    | 
848     | 0.7438    | 0.6349    | 
849     | 0.7437    | 0.6346    | 
850     | 0.7439    | 0.6346    | 
851     | 0.7442    | 0.6352    | 
852     | 0.7443    | 0.6352    | 
853     | 0.7445    | 0.6343    | 
854     | 0.7442    | 0.6348    | 
855     | 0.7446    | 0.6347    | 
856     | 0.7439    | 0.6353    | 
857     | 0.7445    | 0.6347    | 
858     | 0.7442    | 0.6347    | 
859     | 0.7443    | 0.636     | 
860     | 0.7446    | 0.6363    | 
861     | 0.7458    | 0.6367    | 
862     | 0.7458    | 0.6355    | 
863     | 0.7462    | 0.6343    | 
864     | 0.7464    | 0.6337    | 
865     | 0.7459    | 0.6335    | 
866     | 0.746     | 0.6326    | 
867     | 0.7461    | 0.634     | 
868     | 0.747     | 0.6342    | 
869     | 0.7475    | 0.633     | 
870     | 0.7474    | 0.6329    | 
871     | 0.7474    | 0.6345    | 
872     | 0.7479    | 0.6341    | 
873     | 0.7478    | 0.6347    | 
874     | 0.7478    | 0.6348    | 
875     | 0.7478    | 0.6348    | 
876     | 0.7479    | 0.6354    | 
877     | 0.7477    | 0.6355    | 
878     | 0.7475    | 0.6368    | 
879     | 0.7477    | 0.6358    | 
880     | 0.7476    | 0.6329    | 
881     | 0.7476    | 0.6317    | 
882     | 0.7476    | 0.6319    | 
883     | 0.7478    | 0.632     | 
884     | 0.7478    | 0.6321    | 
885     | 0.7476    | 0.6313    | 
886     | 0.7479    | 0.6314    | 
887     | 0.7476    | 0.6321    | 
888     | 0.7473    | 0.6319    | 
889     | 0.7482    | 0.6321    | 
890     | 0.7481    | 0.6321    | 
891     | 0.7488    | 0.6328    | 
892     | 0.7489    | 0.6337    | 
893     | 0.7493    | 0.6348    | 
894     | 0.7489    | 0.6348    | 
895     | 0.7494    | 0.6354    | 
896     | 0.7494    | 0.6351    | 
897     | 0.7494    | 0.6349    | 
898     | 0.7492    | 0.634     | 
899     | 0.7487    | 0.6342    | 
900     | 0.7486    | 0.6342    | 
901     | 0.7488    | 0.6331    | 
902     | 0.7489    | 0.6351    | 
903     | 0.749     | 0.6352    | 
904     | 0.749     | 0.6352    | 
905     | 0.7497    | 0.6334    | 
906     | 0.7501    | 0.6348    | 
907     | 0.75      | 0.6372    | 
908     | 0.7499    | 0.6373    | 
909     | 0.75      | 0.6369    | 
910     | 0.75      | 0.6358    | 
911     | 0.7501    | 0.6349    | 
912     | 0.7501    | 0.6347    | 
913     | 0.7504    | 0.6348    | 
914     | 0.7504    | 0.6357    | 
915     | 0.7509    | 0.6358    | 
916     | 0.7519    | 0.6354    | 
917     | 0.7523    | 0.6349    | 
918     | 0.752     | 0.6364    | 
919     | 0.7515    | 0.6377    | 
920     | 0.7516    | 0.6389    | 
921     | 0.7515    | 0.6388    | 
922     | 0.7512    | 0.6379    | 
923     | 0.7516    | 0.6383    | 
924     | 0.7516    | 0.6384    | 
925     | 0.7518    | 0.6367    | 
926     | 0.7515    | 0.6364    | 
927     | 0.7516    | 0.6371    | 
928     | 0.7521    | 0.6366    | 
929     | 0.7517    | 0.6356    | 
930     | 0.7516    | 0.6358    | 
931     | 0.7516    | 0.6371    | 
932     | 0.7517    | 0.6366    | 
933     | 0.7512    | 0.638     | 
934     | 0.7512    | 0.638     | 
935     | 0.7512    | 0.6369    | 
936     | 0.7514    | 0.6371    | 
937     | 0.7521    | 0.6369    | 
938     | 0.7522    | 0.6367    | 
939     | 0.7516    | 0.6379    | 
940     | 0.7522    | 0.6377    | 
941     | 0.7519    | 0.6377    | 
942     | 0.7521    | 0.6369    | 
943     | 0.7517    | 0.6362    | 
944     | 0.7521    | 0.6353    | 
945     | 0.7521    | 0.6352    | 
946     | 0.752     | 0.6355    | 
947     | 0.752     | 0.6366    | 
948     | 0.7521    | 0.6375    | 
949     | 0.752     | 0.6373    | 
950     | 0.7521    | 0.6384    | 
951     | 0.7524    | 0.6371    | 
952     | 0.7524    | 0.6368    | 
953     | 0.7524    | 0.6374    | 
954     | 0.7524    | 0.6372    | 
955     | 0.7525    | 0.6372    | 
956     | 0.7525    | 0.6367    | 
957     | 0.7525    | 0.6348    | 
958     | 0.7527    | 0.6337    | 
959     | 0.7527    | 0.6308    | 
960     | 0.7527    | 0.6315    | 
961     | 0.7532    | 0.6311    | 
962     | 0.7533    | 0.6311    | 
963     | 0.7536    | 0.6323    | 
964     | 0.754     | 0.6322    | 
965     | 0.7537    | 0.6326    | 
966     | 0.7536    | 0.6324    | 
967     | 0.7536    | 0.6318    | 
968     | 0.7536    | 0.6333    | 
969     | 0.7538    | 0.6334    | 
970     | 0.7542    | 0.6324    | 
971     | 0.754     | 0.6338    | 
972     | 0.7551    | 0.6346    | 
973     | 0.7549    | 0.6334    | 
974     | 0.7543    | 0.6327    | 
975     | 0.7543    | 0.6324    | 
976     | 0.7543    | 0.6324    | 
977     | 0.7544    | 0.6335    | 
978     | 0.7538    | 0.6336    | 
979     | 0.754     | 0.6329    | 
980     | 0.7537    | 0.6339    | 
981     | 0.7537    | 0.634     | 
982     | 0.7544    | 0.6327    | 
983     | 0.7547    | 0.632     | 
984     | 0.7547    | 0.6324    | 
985     | 0.7546    | 0.632     | 
986     | 0.7549    | 0.6325    | 
987     | 0.7549    | 0.6338    | 
988     | 0.7539    | 0.634     | 
989     | 0.7544    | 0.6337    | 
990     | 0.7547    | 0.634     | 
991     | 0.7548    | 0.6339    | 
992     | 0.7547    | 0.6339    | 
993     | 0.7548    | 0.6327    | 
994     | 0.7547    | 0.6338    | 
995     | 0.7545    | 0.6332    | 
996     | 0.7545    | 0.633     | 
997     | 0.7545    | 0.6329    | 
998     | 0.7553    | 0.6339    | 
999     | 0.7555    | 0.6327    | 
1000    | 0.7554    | 0.634     | 
---------------------------------
Finished sucessfully.
NDCG@10 on training data: 0.7516
NDCG@10 on validation data: 0.6389
---------------------------------
NDCG@10 on test data: 0.6617

Model saved to: ../model/experiment/model_unigram_pos.txt
