java -jar RankLib-2.14.jar -train ../data/experiment/ss_before_after_train.txt -test ../data/experiment/ss_before_after_test.txt -validate ../data/experiment/ss_before_after_validate.txt -ranker 6 -metric2t NDCG@10 -metric2T NDCG@10 -save ../model/experiment/model_ss_before_after.txt


Discard orig. features
Training data:	../data/experiment/ss_before_after_train.txt
Test data:	../data/experiment/ss_before_after_test.txt
Validation data:	../data/experiment/ss_before_after_validate.txt
Feature vector representation: Dense.
Ranking method:	LambdaMART
Feature description file:	Unspecified. All features will be used.
Train metric:	NDCG@10
Test metric:	NDCG@10
Feature normalization: No
Model file: ../model/experiment/model_ss_before_after.txt

[+] LambdaMART's Parameters:
No. of trees: 1000
No. of leaves: 10
No. of threshold candidates: 256
Min leaf support: 1
Learning rate: 0.1
Stop early: 100 rounds without performance gain on validation data

Reading feature file [../data/experiment/ss_before_after_train.txt]... [Done.]            
(152 ranked lists, 7600 entries read)
Reading feature file [../data/experiment/ss_before_after_validate.txt]... [Done.]            
(75 ranked lists, 3750 entries read)
Reading feature file [../data/experiment/ss_before_after_test.txt]... [Done.]            
(77 ranked lists, 3850 entries read)
Initializing... [Done]
---------------------------------
Training starts...
---------------------------------
#iter   | NDCG@10-T | NDCG@10-V | 
---------------------------------
1       | 0.5225    | 0.522     | 
2       | 0.5232    | 0.5285    | 
3       | 0.5236    | 0.5237    | 
4       | 0.5236    | 0.5237    | 
5       | 0.5236    | 0.5237    | 
6       | 0.5328    | 0.5316    | 
7       | 0.5367    | 0.5335    | 
8       | 0.5648    | 0.5464    | 
9       | 0.5719    | 0.5505    | 
10      | 0.5769    | 0.555     | 
11      | 0.58      | 0.5637    | 
12      | 0.5794    | 0.5662    | 
13      | 0.5832    | 0.5678    | 
14      | 0.5921    | 0.5715    | 
15      | 0.5911    | 0.5738    | 
16      | 0.5919    | 0.5718    | 
17      | 0.5975    | 0.5722    | 
18      | 0.6019    | 0.584     | 
19      | 0.6042    | 0.5864    | 
20      | 0.6056    | 0.5863    | 
21      | 0.6089    | 0.591     | 
22      | 0.6121    | 0.5908    | 
23      | 0.613     | 0.5894    | 
24      | 0.6139    | 0.5853    | 
25      | 0.6186    | 0.5913    | 
26      | 0.6213    | 0.5967    | 
27      | 0.6236    | 0.6009    | 
28      | 0.6246    | 0.6044    | 
29      | 0.6276    | 0.6082    | 
30      | 0.6326    | 0.6134    | 
31      | 0.6325    | 0.6154    | 
32      | 0.6344    | 0.6202    | 
33      | 0.636     | 0.6182    | 
34      | 0.6395    | 0.6208    | 
35      | 0.6448    | 0.6198    | 
36      | 0.6444    | 0.6179    | 
37      | 0.6477    | 0.6197    | 
38      | 0.6514    | 0.6224    | 
39      | 0.6549    | 0.623     | 
40      | 0.6537    | 0.6245    | 
41      | 0.6586    | 0.6279    | 
42      | 0.66      | 0.6279    | 
43      | 0.6626    | 0.6301    | 
44      | 0.662     | 0.6313    | 
45      | 0.6638    | 0.6352    | 
46      | 0.6647    | 0.6355    | 
47      | 0.6647    | 0.6351    | 
48      | 0.6648    | 0.6302    | 
49      | 0.6664    | 0.6285    | 
50      | 0.6715    | 0.6364    | 
51      | 0.6725    | 0.6357    | 
52      | 0.6746    | 0.6362    | 
53      | 0.6748    | 0.6363    | 
54      | 0.6766    | 0.6367    | 
55      | 0.6786    | 0.6388    | 
56      | 0.6803    | 0.6389    | 
57      | 0.6823    | 0.6406    | 
58      | 0.683     | 0.641     | 
59      | 0.6877    | 0.6411    | 
60      | 0.6877    | 0.638     | 
61      | 0.6905    | 0.6401    | 
62      | 0.6912    | 0.6389    | 
63      | 0.6929    | 0.6391    | 
64      | 0.6956    | 0.6376    | 
65      | 0.6957    | 0.6414    | 
66      | 0.6994    | 0.6428    | 
67      | 0.7015    | 0.6447    | 
68      | 0.7033    | 0.6447    | 
69      | 0.7051    | 0.6456    | 
70      | 0.706     | 0.6475    | 
71      | 0.7052    | 0.6466    | 
72      | 0.7067    | 0.6505    | 
73      | 0.7068    | 0.6531    | 
74      | 0.707     | 0.6512    | 
75      | 0.7077    | 0.6497    | 
76      | 0.7087    | 0.6514    | 
77      | 0.71      | 0.6425    | 
78      | 0.7123    | 0.6442    | 
79      | 0.713     | 0.6464    | 
80      | 0.713     | 0.6442    | 
81      | 0.7141    | 0.6464    | 
82      | 0.714     | 0.6476    | 
83      | 0.7154    | 0.647     | 
84      | 0.7164    | 0.6528    | 
85      | 0.7165    | 0.6562    | 
86      | 0.7174    | 0.6543    | 
87      | 0.718     | 0.6469    | 
88      | 0.7197    | 0.6553    | 
89      | 0.7206    | 0.6525    | 
90      | 0.72      | 0.6498    | 
91      | 0.7202    | 0.6513    | 
92      | 0.7203    | 0.6523    | 
93      | 0.7199    | 0.6537    | 
94      | 0.7203    | 0.6534    | 
95      | 0.7209    | 0.6543    | 
96      | 0.7212    | 0.6542    | 
97      | 0.7238    | 0.6548    | 
98      | 0.7253    | 0.6543    | 
99      | 0.7255    | 0.6563    | 
100     | 0.7261    | 0.6581    | 
101     | 0.727     | 0.6603    | 
102     | 0.728     | 0.6624    | 
103     | 0.7285    | 0.6631    | 
104     | 0.7286    | 0.6609    | 
105     | 0.7279    | 0.6612    | 
106     | 0.7295    | 0.6604    | 
107     | 0.7295    | 0.6598    | 
108     | 0.7298    | 0.6606    | 
109     | 0.7298    | 0.6618    | 
110     | 0.7296    | 0.6615    | 
111     | 0.7304    | 0.6649    | 
112     | 0.7315    | 0.6677    | 
113     | 0.7317    | 0.6626    | 
114     | 0.7314    | 0.6643    | 
115     | 0.7323    | 0.665     | 
116     | 0.7322    | 0.6618    | 
117     | 0.7325    | 0.6634    | 
118     | 0.7319    | 0.6626    | 
119     | 0.733     | 0.6634    | 
120     | 0.7333    | 0.6652    | 
121     | 0.7337    | 0.6659    | 
122     | 0.7342    | 0.6642    | 
123     | 0.7344    | 0.6643    | 
124     | 0.7345    | 0.6658    | 
125     | 0.7355    | 0.6661    | 
126     | 0.7342    | 0.6668    | 
127     | 0.7358    | 0.6674    | 
128     | 0.7371    | 0.6671    | 
129     | 0.7372    | 0.6678    | 
130     | 0.7377    | 0.6675    | 
131     | 0.7388    | 0.6694    | 
132     | 0.7391    | 0.6699    | 
133     | 0.7392    | 0.6694    | 
134     | 0.7395    | 0.6731    | 
135     | 0.7399    | 0.6742    | 
136     | 0.7402    | 0.674     | 
137     | 0.7407    | 0.6749    | 
138     | 0.7407    | 0.6747    | 
139     | 0.7418    | 0.6748    | 
140     | 0.7419    | 0.675     | 
141     | 0.7426    | 0.6761    | 
142     | 0.7441    | 0.6749    | 
143     | 0.7443    | 0.6743    | 
144     | 0.7453    | 0.6743    | 
145     | 0.7455    | 0.6746    | 
146     | 0.7461    | 0.6769    | 
147     | 0.7452    | 0.6779    | 
148     | 0.7452    | 0.6784    | 
149     | 0.746     | 0.6782    | 
150     | 0.7483    | 0.6777    | 
151     | 0.7482    | 0.6767    | 
152     | 0.7498    | 0.6773    | 
153     | 0.7492    | 0.68      | 
154     | 0.7497    | 0.6802    | 
155     | 0.7508    | 0.6788    | 
156     | 0.751     | 0.6792    | 
157     | 0.7515    | 0.6784    | 
158     | 0.7529    | 0.6809    | 
159     | 0.7534    | 0.6797    | 
160     | 0.7543    | 0.6805    | 
161     | 0.754     | 0.6819    | 
162     | 0.754     | 0.6804    | 
163     | 0.7547    | 0.68      | 
164     | 0.7545    | 0.68      | 
165     | 0.756     | 0.6834    | 
166     | 0.7575    | 0.6824    | 
167     | 0.7577    | 0.6824    | 
168     | 0.7585    | 0.6835    | 
169     | 0.7593    | 0.6841    | 
170     | 0.7611    | 0.6855    | 
171     | 0.7638    | 0.6837    | 
172     | 0.7636    | 0.6854    | 
173     | 0.7645    | 0.6856    | 
174     | 0.7643    | 0.6874    | 
175     | 0.7644    | 0.6844    | 
176     | 0.7653    | 0.6828    | 
177     | 0.765     | 0.6832    | 
178     | 0.7649    | 0.6815    | 
179     | 0.7647    | 0.6817    | 
180     | 0.7663    | 0.6813    | 
181     | 0.7671    | 0.6809    | 
182     | 0.7688    | 0.6822    | 
183     | 0.7693    | 0.6806    | 
184     | 0.7694    | 0.6812    | 
185     | 0.7703    | 0.6834    | 
186     | 0.7709    | 0.6814    | 
187     | 0.7712    | 0.6813    | 
188     | 0.7713    | 0.6824    | 
189     | 0.7713    | 0.6833    | 
190     | 0.7722    | 0.682     | 
191     | 0.7717    | 0.6845    | 
192     | 0.7731    | 0.6859    | 
193     | 0.7731    | 0.687     | 
194     | 0.774     | 0.6876    | 
195     | 0.774     | 0.6859    | 
196     | 0.7751    | 0.6873    | 
197     | 0.7745    | 0.687     | 
198     | 0.7751    | 0.6888    | 
199     | 0.7754    | 0.6893    | 
200     | 0.7758    | 0.6873    | 
201     | 0.7762    | 0.6851    | 
202     | 0.7771    | 0.6866    | 
203     | 0.7767    | 0.6867    | 
204     | 0.777     | 0.6861    | 
205     | 0.7782    | 0.6868    | 
206     | 0.7791    | 0.6863    | 
207     | 0.779     | 0.6863    | 
208     | 0.7797    | 0.6861    | 
209     | 0.7799    | 0.6875    | 
210     | 0.7793    | 0.6876    | 
211     | 0.7799    | 0.6862    | 
212     | 0.7805    | 0.6896    | 
213     | 0.7801    | 0.6889    | 
214     | 0.78      | 0.6882    | 
215     | 0.7805    | 0.6906    | 
216     | 0.7806    | 0.6897    | 
217     | 0.7811    | 0.6896    | 
218     | 0.7813    | 0.6892    | 
219     | 0.7813    | 0.6892    | 
220     | 0.7824    | 0.6912    | 
221     | 0.7809    | 0.6913    | 
222     | 0.7801    | 0.6955    | 
223     | 0.781     | 0.6942    | 
224     | 0.7812    | 0.6936    | 
225     | 0.7838    | 0.6945    | 
226     | 0.7842    | 0.6944    | 
227     | 0.7833    | 0.6939    | 
228     | 0.7832    | 0.6941    | 
229     | 0.7839    | 0.698     | 
230     | 0.7838    | 0.6978    | 
231     | 0.7842    | 0.6981    | 
232     | 0.7841    | 0.6972    | 
233     | 0.7856    | 0.6991    | 
234     | 0.7852    | 0.6999    | 
235     | 0.7848    | 0.697     | 
236     | 0.7846    | 0.6999    | 
237     | 0.7839    | 0.6988    | 
238     | 0.7846    | 0.7025    | 
239     | 0.7853    | 0.7028    | 
240     | 0.7854    | 0.6989    | 
241     | 0.7867    | 0.6987    | 
242     | 0.7867    | 0.6987    | 
243     | 0.7873    | 0.697     | 
244     | 0.7872    | 0.6968    | 
245     | 0.7878    | 0.6982    | 
246     | 0.7883    | 0.7019    | 
247     | 0.7893    | 0.702     | 
248     | 0.79      | 0.7024    | 
249     | 0.7894    | 0.702     | 
250     | 0.7919    | 0.7024    | 
251     | 0.7925    | 0.703     | 
252     | 0.7932    | 0.7011    | 
253     | 0.7934    | 0.7018    | 
254     | 0.7931    | 0.7008    | 
255     | 0.7933    | 0.7004    | 
256     | 0.7937    | 0.7006    | 
257     | 0.7941    | 0.7015    | 
258     | 0.7937    | 0.7006    | 
259     | 0.795     | 0.7034    | 
260     | 0.7954    | 0.7043    | 
261     | 0.7954    | 0.7042    | 
262     | 0.7953    | 0.7059    | 
263     | 0.7958    | 0.7037    | 
264     | 0.7963    | 0.7044    | 
265     | 0.797     | 0.7046    | 
266     | 0.7971    | 0.7057    | 
267     | 0.7974    | 0.7052    | 
268     | 0.7974    | 0.7049    | 
269     | 0.7979    | 0.7043    | 
270     | 0.7975    | 0.7047    | 
271     | 0.7973    | 0.7038    | 
272     | 0.7969    | 0.7044    | 
273     | 0.7972    | 0.7046    | 
274     | 0.7979    | 0.7033    | 
275     | 0.797     | 0.705     | 
276     | 0.7969    | 0.7051    | 
277     | 0.7969    | 0.7059    | 
278     | 0.7973    | 0.7069    | 
279     | 0.7983    | 0.7095    | 
280     | 0.7985    | 0.7086    | 
281     | 0.7982    | 0.7088    | 
282     | 0.7984    | 0.7069    | 
283     | 0.7984    | 0.7078    | 
284     | 0.7989    | 0.7079    | 
285     | 0.7991    | 0.7092    | 
286     | 0.7994    | 0.7092    | 
287     | 0.7994    | 0.7065    | 
288     | 0.7994    | 0.7069    | 
289     | 0.8001    | 0.7111    | 
290     | 0.8       | 0.711     | 
291     | 0.8002    | 0.711     | 
292     | 0.8005    | 0.7113    | 
293     | 0.8005    | 0.7111    | 
294     | 0.802     | 0.7111    | 
295     | 0.8007    | 0.711     | 
296     | 0.801     | 0.7108    | 
297     | 0.8006    | 0.7127    | 
298     | 0.8004    | 0.7139    | 
299     | 0.8004    | 0.715     | 
300     | 0.8005    | 0.7137    | 
301     | 0.8008    | 0.712     | 
302     | 0.8009    | 0.7114    | 
303     | 0.8007    | 0.7114    | 
304     | 0.8011    | 0.7134    | 
305     | 0.801     | 0.7135    | 
306     | 0.8014    | 0.714     | 
307     | 0.8015    | 0.7141    | 
308     | 0.8011    | 0.7147    | 
309     | 0.8014    | 0.7149    | 
310     | 0.8024    | 0.7133    | 
311     | 0.803     | 0.7143    | 
312     | 0.8031    | 0.7137    | 
313     | 0.8041    | 0.714     | 
314     | 0.8039    | 0.715     | 
315     | 0.804     | 0.7154    | 
316     | 0.8044    | 0.7164    | 
317     | 0.8042    | 0.7168    | 
318     | 0.8046    | 0.7164    | 
319     | 0.8044    | 0.7162    | 
320     | 0.8053    | 0.7165    | 
321     | 0.8056    | 0.7165    | 
322     | 0.8059    | 0.7168    | 
323     | 0.8062    | 0.7169    | 
324     | 0.8061    | 0.7166    | 
325     | 0.8069    | 0.7159    | 
326     | 0.8063    | 0.7167    | 
327     | 0.8056    | 0.7161    | 
328     | 0.8055    | 0.7161    | 
329     | 0.8059    | 0.7161    | 
330     | 0.8061    | 0.7178    | 
331     | 0.806     | 0.7172    | 
332     | 0.8061    | 0.7167    | 
333     | 0.8062    | 0.7175    | 
334     | 0.8068    | 0.7168    | 
335     | 0.808     | 0.7167    | 
336     | 0.8085    | 0.719     | 
337     | 0.8085    | 0.7189    | 
338     | 0.8096    | 0.7192    | 
339     | 0.81      | 0.7178    | 
340     | 0.8096    | 0.7173    | 
341     | 0.81      | 0.7172    | 
342     | 0.8097    | 0.7186    | 
343     | 0.8101    | 0.7202    | 
344     | 0.8106    | 0.7202    | 
345     | 0.8109    | 0.721     | 
346     | 0.8107    | 0.7213    | 
347     | 0.8109    | 0.721     | 
348     | 0.811     | 0.7212    | 
349     | 0.8111    | 0.7222    | 
350     | 0.8112    | 0.7221    | 
351     | 0.812     | 0.7223    | 
352     | 0.8113    | 0.7221    | 
353     | 0.8118    | 0.7221    | 
354     | 0.8124    | 0.7226    | 
355     | 0.8125    | 0.7234    | 
356     | 0.8119    | 0.7233    | 
357     | 0.8124    | 0.7236    | 
358     | 0.8125    | 0.7238    | 
359     | 0.8126    | 0.7225    | 
360     | 0.8125    | 0.7222    | 
361     | 0.813     | 0.7223    | 
362     | 0.8127    | 0.7212    | 
363     | 0.8131    | 0.7215    | 
364     | 0.8131    | 0.7228    | 
365     | 0.813     | 0.7224    | 
366     | 0.8143    | 0.7223    | 
367     | 0.8142    | 0.7229    | 
368     | 0.8142    | 0.7223    | 
369     | 0.8147    | 0.722     | 
370     | 0.8153    | 0.7222    | 
371     | 0.8153    | 0.7232    | 
372     | 0.8153    | 0.7234    | 
373     | 0.8162    | 0.7238    | 
374     | 0.8165    | 0.7242    | 
375     | 0.8162    | 0.7236    | 
376     | 0.8163    | 0.7238    | 
377     | 0.8163    | 0.7244    | 
378     | 0.8162    | 0.7255    | 
379     | 0.8163    | 0.7246    | 
380     | 0.8161    | 0.7246    | 
381     | 0.8159    | 0.7246    | 
382     | 0.816     | 0.724     | 
383     | 0.8161    | 0.7241    | 
384     | 0.816     | 0.7239    | 
385     | 0.8166    | 0.7249    | 
386     | 0.8162    | 0.7248    | 
387     | 0.8164    | 0.7248    | 
388     | 0.8168    | 0.7242    | 
389     | 0.817     | 0.7247    | 
390     | 0.8162    | 0.7251    | 
391     | 0.8163    | 0.7255    | 
392     | 0.8166    | 0.7256    | 
393     | 0.8172    | 0.7258    | 
394     | 0.8168    | 0.7262    | 
395     | 0.8174    | 0.725     | 
396     | 0.8174    | 0.7246    | 
397     | 0.8174    | 0.7255    | 
398     | 0.8179    | 0.7261    | 
399     | 0.8176    | 0.7258    | 
400     | 0.8176    | 0.7257    | 
401     | 0.8178    | 0.7258    | 
402     | 0.8178    | 0.7267    | 
403     | 0.8178    | 0.7252    | 
404     | 0.8181    | 0.7252    | 
405     | 0.8177    | 0.7261    | 
406     | 0.8178    | 0.7265    | 
407     | 0.818     | 0.7258    | 
408     | 0.818     | 0.726     | 
409     | 0.8183    | 0.728     | 
410     | 0.8183    | 0.728     | 
411     | 0.8185    | 0.728     | 
412     | 0.819     | 0.728     | 
413     | 0.8192    | 0.7292    | 
414     | 0.8187    | 0.7296    | 
415     | 0.819     | 0.7297    | 
416     | 0.8195    | 0.7298    | 
417     | 0.8206    | 0.7295    | 
418     | 0.8204    | 0.7295    | 
419     | 0.8199    | 0.7295    | 
420     | 0.8199    | 0.7305    | 
421     | 0.82      | 0.7289    | 
422     | 0.8209    | 0.7283    | 
423     | 0.821     | 0.7297    | 
424     | 0.8212    | 0.729     | 
425     | 0.821     | 0.7289    | 
426     | 0.8214    | 0.7289    | 
427     | 0.8212    | 0.7292    | 
428     | 0.8215    | 0.7292    | 
429     | 0.8212    | 0.7297    | 
430     | 0.8214    | 0.7297    | 
431     | 0.8214    | 0.7289    | 
432     | 0.8218    | 0.7294    | 
433     | 0.822     | 0.7294    | 
434     | 0.8226    | 0.7296    | 
435     | 0.8227    | 0.7293    | 
436     | 0.8228    | 0.7293    | 
437     | 0.8234    | 0.7312    | 
438     | 0.8236    | 0.7304    | 
439     | 0.8239    | 0.7312    | 
440     | 0.8239    | 0.7308    | 
441     | 0.8239    | 0.7309    | 
442     | 0.824     | 0.7319    | 
443     | 0.8246    | 0.7318    | 
444     | 0.8246    | 0.7309    | 
445     | 0.8247    | 0.7308    | 
446     | 0.8248    | 0.7305    | 
447     | 0.825     | 0.7302    | 
448     | 0.8255    | 0.7301    | 
449     | 0.8259    | 0.7301    | 
450     | 0.8275    | 0.7305    | 
451     | 0.8277    | 0.731     | 
452     | 0.8277    | 0.7324    | 
453     | 0.8277    | 0.7315    | 
454     | 0.828     | 0.7312    | 
455     | 0.8282    | 0.7314    | 
456     | 0.8279    | 0.7318    | 
457     | 0.8282    | 0.7318    | 
458     | 0.8279    | 0.731     | 
459     | 0.8279    | 0.7319    | 
460     | 0.8281    | 0.7323    | 
461     | 0.8282    | 0.7324    | 
462     | 0.8281    | 0.7323    | 
463     | 0.8282    | 0.7324    | 
464     | 0.8286    | 0.7321    | 
465     | 0.8282    | 0.7331    | 
466     | 0.8286    | 0.733     | 
467     | 0.8288    | 0.7334    | 
468     | 0.8288    | 0.7314    | 
469     | 0.8289    | 0.7314    | 
470     | 0.8289    | 0.7314    | 
471     | 0.8289    | 0.7326    | 
472     | 0.8285    | 0.7322    | 
473     | 0.8289    | 0.7312    | 
474     | 0.8301    | 0.7324    | 
475     | 0.8308    | 0.7323    | 
476     | 0.8308    | 0.7331    | 
477     | 0.8302    | 0.7335    | 
478     | 0.8297    | 0.7346    | 
479     | 0.8305    | 0.7345    | 
480     | 0.8307    | 0.7339    | 
481     | 0.8308    | 0.7346    | 
482     | 0.8305    | 0.7345    | 
483     | 0.8316    | 0.7355    | 
484     | 0.8319    | 0.7363    | 
485     | 0.8318    | 0.737     | 
486     | 0.8324    | 0.7368    | 
487     | 0.8328    | 0.7367    | 
488     | 0.8331    | 0.7367    | 
489     | 0.8331    | 0.7376    | 
490     | 0.834     | 0.7355    | 
491     | 0.8337    | 0.7365    | 
492     | 0.8341    | 0.7371    | 
493     | 0.8341    | 0.7381    | 
494     | 0.8341    | 0.737     | 
495     | 0.8339    | 0.7369    | 
496     | 0.8347    | 0.7382    | 
497     | 0.8346    | 0.7383    | 
498     | 0.8346    | 0.7383    | 
499     | 0.835     | 0.7392    | 
500     | 0.8357    | 0.7388    | 
501     | 0.8359    | 0.7391    | 
502     | 0.836     | 0.7372    | 
503     | 0.8355    | 0.7372    | 
504     | 0.8359    | 0.7367    | 
505     | 0.8361    | 0.7367    | 
506     | 0.8361    | 0.7367    | 
507     | 0.8361    | 0.7358    | 
508     | 0.8361    | 0.7361    | 
509     | 0.8359    | 0.7365    | 
510     | 0.836     | 0.7367    | 
511     | 0.837     | 0.7365    | 
512     | 0.8366    | 0.7368    | 
513     | 0.8367    | 0.7382    | 
514     | 0.8373    | 0.7389    | 
515     | 0.8373    | 0.7385    | 
516     | 0.8372    | 0.7385    | 
517     | 0.8375    | 0.738     | 
518     | 0.8382    | 0.7382    | 
519     | 0.8383    | 0.7373    | 
520     | 0.839     | 0.7358    | 
521     | 0.8392    | 0.7368    | 
522     | 0.84      | 0.7379    | 
523     | 0.8393    | 0.7381    | 
524     | 0.8399    | 0.7381    | 
525     | 0.8395    | 0.737     | 
526     | 0.84      | 0.7373    | 
527     | 0.8399    | 0.7373    | 
528     | 0.8397    | 0.737     | 
529     | 0.8397    | 0.7382    | 
530     | 0.8398    | 0.7382    | 
531     | 0.8403    | 0.7392    | 
532     | 0.8406    | 0.7389    | 
533     | 0.8403    | 0.7388    | 
534     | 0.8408    | 0.7383    | 
535     | 0.8409    | 0.7387    | 
536     | 0.8408    | 0.7384    | 
537     | 0.8408    | 0.7394    | 
538     | 0.8411    | 0.7389    | 
539     | 0.8413    | 0.7389    | 
540     | 0.8418    | 0.7399    | 
541     | 0.8417    | 0.7399    | 
542     | 0.8414    | 0.7388    | 
543     | 0.8415    | 0.741     | 
544     | 0.8416    | 0.741     | 
545     | 0.8417    | 0.7403    | 
546     | 0.842     | 0.7392    | 
547     | 0.8419    | 0.7402    | 
548     | 0.8418    | 0.7399    | 
549     | 0.842     | 0.7402    | 
550     | 0.842     | 0.7388    | 
551     | 0.8419    | 0.7394    | 
552     | 0.8418    | 0.7396    | 
553     | 0.8419    | 0.7396    | 
554     | 0.8418    | 0.7394    | 
555     | 0.8424    | 0.7401    | 
556     | 0.8429    | 0.7402    | 
557     | 0.8431    | 0.7401    | 
558     | 0.8448    | 0.7402    | 
559     | 0.8437    | 0.7408    | 
560     | 0.8442    | 0.7409    | 
561     | 0.8441    | 0.7418    | 
562     | 0.8448    | 0.7427    | 
563     | 0.8441    | 0.7427    | 
564     | 0.8443    | 0.742     | 
565     | 0.8437    | 0.7415    | 
566     | 0.8438    | 0.7416    | 
567     | 0.8444    | 0.7417    | 
568     | 0.8441    | 0.7418    | 
569     | 0.8444    | 0.7416    | 
570     | 0.8444    | 0.7415    | 
571     | 0.8445    | 0.7415    | 
572     | 0.8443    | 0.7418    | 
573     | 0.8448    | 0.7403    | 
574     | 0.8454    | 0.7408    | 
575     | 0.8446    | 0.7388    | 
576     | 0.8454    | 0.7392    | 
577     | 0.846     | 0.7397    | 
578     | 0.8461    | 0.7403    | 
579     | 0.8461    | 0.7411    | 
580     | 0.8466    | 0.7415    | 
581     | 0.8466    | 0.7431    | 
582     | 0.8469    | 0.7425    | 
583     | 0.8469    | 0.742     | 
584     | 0.8469    | 0.7424    | 
585     | 0.8471    | 0.7423    | 
586     | 0.8471    | 0.7423    | 
587     | 0.8469    | 0.7421    | 
588     | 0.8469    | 0.7439    | 
589     | 0.8469    | 0.7437    | 
590     | 0.8471    | 0.7438    | 
591     | 0.8474    | 0.744     | 
592     | 0.8471    | 0.744     | 
593     | 0.8479    | 0.745     | 
594     | 0.8473    | 0.745     | 
595     | 0.8477    | 0.7462    | 
596     | 0.8476    | 0.7461    | 
597     | 0.8476    | 0.7437    | 
598     | 0.8476    | 0.7438    | 
599     | 0.8476    | 0.7425    | 
600     | 0.8477    | 0.7427    | 
601     | 0.8476    | 0.7444    | 
602     | 0.8476    | 0.7445    | 
603     | 0.8478    | 0.7441    | 
604     | 0.8476    | 0.7441    | 
605     | 0.8479    | 0.7452    | 
606     | 0.8479    | 0.745     | 
607     | 0.8482    | 0.7471    | 
608     | 0.8484    | 0.7483    | 
609     | 0.8486    | 0.7482    | 
610     | 0.8484    | 0.749     | 
611     | 0.8481    | 0.7492    | 
612     | 0.8484    | 0.7487    | 
613     | 0.8492    | 0.749     | 
614     | 0.8494    | 0.7477    | 
615     | 0.8493    | 0.7482    | 
616     | 0.8496    | 0.7472    | 
617     | 0.8497    | 0.7474    | 
618     | 0.8497    | 0.7474    | 
619     | 0.8495    | 0.7472    | 
620     | 0.8493    | 0.7475    | 
621     | 0.8495    | 0.7472    | 
622     | 0.8498    | 0.748     | 
623     | 0.8498    | 0.7495    | 
624     | 0.8497    | 0.7498    | 
625     | 0.8499    | 0.7497    | 
626     | 0.85      | 0.7516    | 
627     | 0.8499    | 0.7515    | 
628     | 0.8496    | 0.7514    | 
629     | 0.8494    | 0.7515    | 
630     | 0.8498    | 0.7514    | 
631     | 0.8503    | 0.7518    | 
632     | 0.8502    | 0.7514    | 
633     | 0.8502    | 0.7513    | 
634     | 0.8501    | 0.7524    | 
635     | 0.85      | 0.7523    | 
636     | 0.8503    | 0.7519    | 
637     | 0.8504    | 0.7531    | 
638     | 0.8504    | 0.7532    | 
639     | 0.8508    | 0.7545    | 
640     | 0.8515    | 0.7547    | 
641     | 0.8525    | 0.7548    | 
642     | 0.8523    | 0.7526    | 
643     | 0.8522    | 0.7528    | 
644     | 0.852     | 0.7526    | 
645     | 0.8525    | 0.7523    | 
646     | 0.8527    | 0.7536    | 
647     | 0.8529    | 0.7537    | 
648     | 0.8529    | 0.7554    | 
649     | 0.8526    | 0.7578    | 
650     | 0.8529    | 0.758     | 
651     | 0.8533    | 0.7586    | 
652     | 0.8535    | 0.7586    | 
653     | 0.8537    | 0.7576    | 
654     | 0.8535    | 0.7575    | 
655     | 0.8547    | 0.759     | 
656     | 0.8542    | 0.759     | 
657     | 0.8543    | 0.759     | 
658     | 0.8548    | 0.7585    | 
659     | 0.855     | 0.7584    | 
660     | 0.8546    | 0.7576    | 
661     | 0.8551    | 0.7578    | 
662     | 0.8551    | 0.7574    | 
663     | 0.8552    | 0.7577    | 
664     | 0.8552    | 0.7578    | 
665     | 0.8549    | 0.7583    | 
666     | 0.8547    | 0.758     | 
667     | 0.8545    | 0.7576    | 
668     | 0.8548    | 0.7584    | 
669     | 0.8553    | 0.7582    | 
670     | 0.8554    | 0.7568    | 
671     | 0.8551    | 0.7571    | 
672     | 0.855     | 0.7569    | 
673     | 0.8549    | 0.7566    | 
674     | 0.8551    | 0.7567    | 
675     | 0.8551    | 0.7571    | 
676     | 0.8556    | 0.7566    | 
677     | 0.8556    | 0.7571    | 
678     | 0.8559    | 0.7567    | 
679     | 0.8561    | 0.7592    | 
680     | 0.8561    | 0.7592    | 
681     | 0.8566    | 0.7596    | 
682     | 0.8564    | 0.7593    | 
683     | 0.8564    | 0.7596    | 
684     | 0.8562    | 0.7597    | 
685     | 0.8568    | 0.7591    | 
686     | 0.8566    | 0.7594    | 
687     | 0.8569    | 0.759     | 
688     | 0.857     | 0.759     | 
689     | 0.8569    | 0.7588    | 
690     | 0.857     | 0.7586    | 
691     | 0.857     | 0.7588    | 
692     | 0.8571    | 0.7585    | 
693     | 0.8571    | 0.7592    | 
694     | 0.8572    | 0.7591    | 
695     | 0.8569    | 0.7589    | 
696     | 0.8568    | 0.7598    | 
697     | 0.8568    | 0.7599    | 
698     | 0.8568    | 0.7587    | 
699     | 0.8568    | 0.7604    | 
700     | 0.8572    | 0.7605    | 
701     | 0.8577    | 0.7611    | 
702     | 0.8581    | 0.7611    | 
703     | 0.8577    | 0.7612    | 
704     | 0.8575    | 0.7606    | 
705     | 0.8579    | 0.7604    | 
706     | 0.8581    | 0.7612    | 
707     | 0.8576    | 0.7609    | 
708     | 0.8575    | 0.7608    | 
709     | 0.8578    | 0.7607    | 
710     | 0.8581    | 0.7619    | 
711     | 0.8577    | 0.7608    | 
712     | 0.8579    | 0.7613    | 
713     | 0.858     | 0.7612    | 
714     | 0.8585    | 0.7612    | 
715     | 0.8584    | 0.7616    | 
716     | 0.8586    | 0.7618    | 
717     | 0.8586    | 0.7619    | 
718     | 0.8586    | 0.7618    | 
719     | 0.8586    | 0.7624    | 
720     | 0.8584    | 0.7625    | 
721     | 0.8585    | 0.7618    | 
722     | 0.8591    | 0.7623    | 
723     | 0.8593    | 0.7634    | 
724     | 0.8597    | 0.7628    | 
725     | 0.8597    | 0.7623    | 
726     | 0.8598    | 0.7621    | 
727     | 0.86      | 0.7615    | 
728     | 0.86      | 0.7622    | 
729     | 0.86      | 0.762     | 
730     | 0.8604    | 0.7617    | 
731     | 0.8603    | 0.7622    | 
732     | 0.8606    | 0.7626    | 
733     | 0.861     | 0.7635    | 
734     | 0.8609    | 0.7629    | 
735     | 0.8608    | 0.7608    | 
736     | 0.861     | 0.7603    | 
737     | 0.8611    | 0.7598    | 
738     | 0.8614    | 0.7597    | 
739     | 0.8615    | 0.7602    | 
740     | 0.8615    | 0.7608    | 
741     | 0.8614    | 0.7612    | 
742     | 0.8616    | 0.76      | 
743     | 0.8616    | 0.7592    | 
744     | 0.8623    | 0.7604    | 
745     | 0.8624    | 0.7602    | 
746     | 0.8624    | 0.7602    | 
747     | 0.863     | 0.7615    | 
748     | 0.8629    | 0.7603    | 
749     | 0.8631    | 0.7613    | 
750     | 0.8625    | 0.7616    | 
751     | 0.8625    | 0.7616    | 
752     | 0.8625    | 0.7612    | 
753     | 0.8631    | 0.7618    | 
754     | 0.8631    | 0.7614    | 
755     | 0.8632    | 0.761     | 
756     | 0.8632    | 0.7612    | 
757     | 0.864     | 0.7621    | 
758     | 0.8637    | 0.7624    | 
759     | 0.8637    | 0.7625    | 
760     | 0.8644    | 0.7628    | 
761     | 0.8653    | 0.7638    | 
762     | 0.8646    | 0.7633    | 
763     | 0.865     | 0.7645    | 
764     | 0.865     | 0.765     | 
765     | 0.865     | 0.7645    | 
766     | 0.865     | 0.7647    | 
767     | 0.8656    | 0.7665    | 
768     | 0.8656    | 0.7658    | 
769     | 0.8655    | 0.7656    | 
770     | 0.8658    | 0.7652    | 
771     | 0.8658    | 0.7653    | 
772     | 0.8658    | 0.766     | 
773     | 0.8658    | 0.7665    | 
774     | 0.8654    | 0.7669    | 
775     | 0.8656    | 0.7665    | 
776     | 0.8663    | 0.7662    | 
777     | 0.8664    | 0.7664    | 
778     | 0.8666    | 0.7664    | 
779     | 0.8667    | 0.7667    | 
780     | 0.8663    | 0.7662    | 
781     | 0.8668    | 0.7663    | 
782     | 0.8667    | 0.7651    | 
783     | 0.867     | 0.7651    | 
784     | 0.8676    | 0.765     | 
785     | 0.8677    | 0.7644    | 
786     | 0.8675    | 0.7656    | 
787     | 0.8672    | 0.766     | 
788     | 0.8673    | 0.7655    | 
789     | 0.8671    | 0.7653    | 
790     | 0.8671    | 0.7641    | 
791     | 0.8673    | 0.7646    | 
792     | 0.868     | 0.7645    | 
793     | 0.8679    | 0.765     | 
794     | 0.8681    | 0.7647    | 
795     | 0.8681    | 0.7649    | 
796     | 0.8679    | 0.7654    | 
797     | 0.8679    | 0.7653    | 
798     | 0.8679    | 0.7658    | 
799     | 0.8675    | 0.7659    | 
800     | 0.868     | 0.7649    | 
801     | 0.8681    | 0.7651    | 
802     | 0.8689    | 0.7655    | 
803     | 0.8692    | 0.7665    | 
804     | 0.8694    | 0.767     | 
805     | 0.8696    | 0.7672    | 
806     | 0.8709    | 0.7666    | 
807     | 0.8699    | 0.7667    | 
808     | 0.8694    | 0.7663    | 
809     | 0.8696    | 0.7665    | 
810     | 0.8692    | 0.7664    | 
811     | 0.8699    | 0.7663    | 
812     | 0.8695    | 0.766     | 
813     | 0.8694    | 0.7667    | 
814     | 0.8697    | 0.7661    | 
815     | 0.87      | 0.7662    | 
816     | 0.8704    | 0.7676    | 
817     | 0.871     | 0.7675    | 
818     | 0.8713    | 0.7665    | 
819     | 0.8711    | 0.7666    | 
820     | 0.8716    | 0.7671    | 
821     | 0.8711    | 0.7667    | 
822     | 0.8712    | 0.7684    | 
823     | 0.8713    | 0.7695    | 
824     | 0.8711    | 0.7693    | 
825     | 0.8715    | 0.7693    | 
826     | 0.8718    | 0.7676    | 
827     | 0.8723    | 0.7684    | 
828     | 0.8723    | 0.7683    | 
829     | 0.8724    | 0.7686    | 
830     | 0.8719    | 0.769     | 
831     | 0.8719    | 0.7689    | 
832     | 0.8719    | 0.7697    | 
833     | 0.8719    | 0.7696    | 
834     | 0.8722    | 0.7699    | 
835     | 0.8721    | 0.7695    | 
836     | 0.8721    | 0.7689    | 
837     | 0.872     | 0.77      | 
838     | 0.872     | 0.7698    | 
839     | 0.8719    | 0.7687    | 
840     | 0.8723    | 0.7691    | 
841     | 0.8721    | 0.7689    | 
842     | 0.872     | 0.7688    | 
843     | 0.8715    | 0.7692    | 
844     | 0.8719    | 0.7684    | 
845     | 0.8719    | 0.7689    | 
846     | 0.8719    | 0.7693    | 
847     | 0.8721    | 0.7689    | 
848     | 0.8721    | 0.7691    | 
849     | 0.8722    | 0.7674    | 
850     | 0.8723    | 0.7675    | 
851     | 0.8722    | 0.7667    | 
852     | 0.8721    | 0.7665    | 
853     | 0.8724    | 0.7666    | 
854     | 0.8722    | 0.7668    | 
855     | 0.8725    | 0.7667    | 
856     | 0.8724    | 0.7667    | 
857     | 0.8724    | 0.7666    | 
858     | 0.8725    | 0.7667    | 
859     | 0.8729    | 0.7673    | 
860     | 0.873     | 0.7669    | 
861     | 0.8729    | 0.7666    | 
862     | 0.873     | 0.7666    | 
863     | 0.8731    | 0.7672    | 
864     | 0.8731    | 0.7665    | 
865     | 0.8728    | 0.7671    | 
866     | 0.8728    | 0.7671    | 
867     | 0.8726    | 0.7663    | 
868     | 0.8729    | 0.7663    | 
869     | 0.8729    | 0.7659    | 
870     | 0.8733    | 0.7663    | 
871     | 0.8736    | 0.767     | 
872     | 0.8735    | 0.767     | 
873     | 0.8736    | 0.7674    | 
874     | 0.8734    | 0.7675    | 
875     | 0.8734    | 0.7674    | 
876     | 0.8735    | 0.7675    | 
877     | 0.8735    | 0.7671    | 
878     | 0.8736    | 0.7674    | 
879     | 0.8736    | 0.768     | 
880     | 0.8735    | 0.7677    | 
881     | 0.8733    | 0.7681    | 
882     | 0.8735    | 0.7687    | 
883     | 0.8731    | 0.7688    | 
884     | 0.8732    | 0.7688    | 
885     | 0.8735    | 0.7688    | 
886     | 0.8736    | 0.7691    | 
887     | 0.8733    | 0.7691    | 
888     | 0.8736    | 0.7686    | 
889     | 0.8734    | 0.769     | 
890     | 0.8737    | 0.7695    | 
891     | 0.8737    | 0.7689    | 
892     | 0.8734    | 0.7688    | 
893     | 0.8735    | 0.7697    | 
894     | 0.8738    | 0.7699    | 
895     | 0.8736    | 0.7704    | 
896     | 0.8736    | 0.7704    | 
897     | 0.8736    | 0.7705    | 
898     | 0.8736    | 0.7698    | 
899     | 0.8736    | 0.7703    | 
900     | 0.8734    | 0.7698    | 
901     | 0.8734    | 0.7699    | 
902     | 0.874     | 0.7708    | 
903     | 0.874     | 0.7705    | 
904     | 0.8739    | 0.77      | 
905     | 0.8732    | 0.7701    | 
906     | 0.8735    | 0.7705    | 
907     | 0.8738    | 0.7708    | 
908     | 0.8738    | 0.7708    | 
909     | 0.8738    | 0.7705    | 
910     | 0.8737    | 0.7704    | 
911     | 0.8737    | 0.7707    | 
912     | 0.8737    | 0.7706    | 
913     | 0.8737    | 0.7703    | 
914     | 0.8737    | 0.7706    | 
915     | 0.8741    | 0.7705    | 
916     | 0.8741    | 0.7705    | 
917     | 0.8751    | 0.7707    | 
918     | 0.8747    | 0.7706    | 
919     | 0.8749    | 0.7712    | 
920     | 0.8749    | 0.7716    | 
921     | 0.8753    | 0.7716    | 
922     | 0.8753    | 0.7713    | 
923     | 0.8765    | 0.7714    | 
924     | 0.8765    | 0.7714    | 
925     | 0.8767    | 0.7709    | 
926     | 0.8766    | 0.7709    | 
927     | 0.8766    | 0.7707    | 
928     | 0.8768    | 0.7708    | 
929     | 0.8771    | 0.7707    | 
930     | 0.8771    | 0.7705    | 
931     | 0.8771    | 0.7704    | 
932     | 0.8771    | 0.7697    | 
933     | 0.8771    | 0.7696    | 
934     | 0.8771    | 0.7709    | 
935     | 0.8771    | 0.7704    | 
936     | 0.8769    | 0.7709    | 
937     | 0.8771    | 0.7725    | 
938     | 0.8772    | 0.7719    | 
939     | 0.8772    | 0.7726    | 
940     | 0.8773    | 0.7726    | 
941     | 0.8773    | 0.7716    | 
942     | 0.8778    | 0.7717    | 
943     | 0.8778    | 0.7708    | 
944     | 0.8776    | 0.7708    | 
945     | 0.8779    | 0.7704    | 
946     | 0.8786    | 0.7711    | 
947     | 0.8783    | 0.7706    | 
948     | 0.878     | 0.7708    | 
949     | 0.8781    | 0.7708    | 
950     | 0.8777    | 0.7705    | 
951     | 0.8774    | 0.7704    | 
952     | 0.8774    | 0.771     | 
953     | 0.8776    | 0.7691    | 
954     | 0.8776    | 0.7691    | 
955     | 0.8776    | 0.7681    | 
956     | 0.8775    | 0.7691    | 
957     | 0.878     | 0.7701    | 
958     | 0.8787    | 0.7703    | 
959     | 0.8785    | 0.7711    | 
960     | 0.8783    | 0.7707    | 
961     | 0.8783    | 0.7704    | 
962     | 0.8786    | 0.7703    | 
963     | 0.8786    | 0.7703    | 
964     | 0.879     | 0.7704    | 
965     | 0.879     | 0.7705    | 
966     | 0.8792    | 0.7705    | 
967     | 0.879     | 0.7703    | 
968     | 0.879     | 0.7708    | 
969     | 0.8787    | 0.771     | 
970     | 0.879     | 0.771     | 
971     | 0.879     | 0.7696    | 
972     | 0.8791    | 0.7699    | 
973     | 0.8792    | 0.77      | 
974     | 0.8794    | 0.77      | 
975     | 0.8792    | 0.7705    | 
976     | 0.8792    | 0.7706    | 
977     | 0.8792    | 0.7699    | 
978     | 0.8789    | 0.7697    | 
979     | 0.8787    | 0.7687    | 
980     | 0.8786    | 0.7693    | 
981     | 0.8788    | 0.7702    | 
982     | 0.879     | 0.7702    | 
983     | 0.8791    | 0.7704    | 
984     | 0.8788    | 0.7709    | 
985     | 0.8788    | 0.7709    | 
986     | 0.8793    | 0.771     | 
987     | 0.8793    | 0.771     | 
988     | 0.879     | 0.7708    | 
989     | 0.8791    | 0.7712    | 
990     | 0.8796    | 0.7714    | 
991     | 0.8796    | 0.7718    | 
992     | 0.8794    | 0.7718    | 
993     | 0.8792    | 0.7716    | 
994     | 0.8795    | 0.7722    | 
995     | 0.88      | 0.771     | 
996     | 0.8802    | 0.7714    | 
997     | 0.8802    | 0.7715    | 
998     | 0.8803    | 0.7714    | 
999     | 0.8803    | 0.7714    | 
1000    | 0.8803    | 0.7715    | 
---------------------------------
Finished sucessfully.
NDCG@10 on training data: 0.8772
NDCG@10 on validation data: 0.7726
---------------------------------
NDCG@10 on test data: 0.8205

Model saved to: ../model/experiment/model_ss_before_after.txt
