java -jar RankLib-2.14.jar -train ../data/experiment/before_last_after_first_train.txt -test ../data/experiment/before_last_after_first_test.txt -validate ../data/experiment/before_last_after_first_validate.txt -ranker 6 -metric2t NDCG@10 -metric2T NDCG@10 -save ../model/experiment/model_before_last_after_first.txt


Discard orig. features
Training data:	../data/experiment/before_last_after_first_train.txt
Test data:	../data/experiment/before_last_after_first_test.txt
Validation data:	../data/experiment/before_last_after_first_validate.txt
Feature vector representation: Dense.
Ranking method:	LambdaMART
Feature description file:	Unspecified. All features will be used.
Train metric:	NDCG@10
Test metric:	NDCG@10
Feature normalization: No
Model file: ../model/experiment/model_before_last_after_first.txt

[+] LambdaMART's Parameters:
No. of trees: 1000
No. of leaves: 10
No. of threshold candidates: 256
Min leaf support: 1
Learning rate: 0.1
Stop early: 100 rounds without performance gain on validation data

Reading feature file [../data/experiment/before_last_after_first_train.txt]... [Done.]            
(152 ranked lists, 7600 entries read)
Reading feature file [../data/experiment/before_last_after_first_validate.txt]... [Done.]            
(75 ranked lists, 3750 entries read)
Reading feature file [../data/experiment/before_last_after_first_test.txt]... [Done.]            
(77 ranked lists, 3850 entries read)
Initializing... [Done]
---------------------------------
Training starts...
---------------------------------
#iter   | NDCG@10-T | NDCG@10-V | 
---------------------------------
1       | 0.524     | 0.524     | 
2       | 0.5265    | 0.5255    | 
3       | 0.5259    | 0.5207    | 
4       | 0.5234    | 0.5213    | 
5       | 0.5307    | 0.5272    | 
6       | 0.5416    | 0.5386    | 
7       | 0.5476    | 0.5347    | 
8       | 0.5519    | 0.5389    | 
9       | 0.5542    | 0.5395    | 
10      | 0.556     | 0.5395    | 
11      | 0.5586    | 0.5407    | 
12      | 0.5581    | 0.5412    | 
13      | 0.5627    | 0.5387    | 
14      | 0.5625    | 0.5402    | 
15      | 0.5625    | 0.5381    | 
16      | 0.5643    | 0.5421    | 
17      | 0.5627    | 0.5456    | 
18      | 0.563     | 0.5484    | 
19      | 0.5677    | 0.5489    | 
20      | 0.5696    | 0.5528    | 
21      | 0.5714    | 0.5543    | 
22      | 0.5746    | 0.5573    | 
23      | 0.5747    | 0.5577    | 
24      | 0.5781    | 0.5597    | 
25      | 0.5801    | 0.5628    | 
26      | 0.5813    | 0.5636    | 
27      | 0.5809    | 0.5604    | 
28      | 0.5813    | 0.5636    | 
29      | 0.5811    | 0.5643    | 
30      | 0.5827    | 0.5652    | 
31      | 0.5842    | 0.566     | 
32      | 0.583     | 0.5634    | 
33      | 0.5839    | 0.5639    | 
34      | 0.5839    | 0.5649    | 
35      | 0.5842    | 0.5647    | 
36      | 0.5849    | 0.5674    | 
37      | 0.5854    | 0.5663    | 
38      | 0.584     | 0.5664    | 
39      | 0.585     | 0.5665    | 
40      | 0.5872    | 0.565     | 
41      | 0.5877    | 0.5637    | 
42      | 0.5889    | 0.565     | 
43      | 0.5894    | 0.564     | 
44      | 0.5889    | 0.5656    | 
45      | 0.5902    | 0.5645    | 
46      | 0.5903    | 0.5652    | 
47      | 0.5908    | 0.5612    | 
48      | 0.5904    | 0.561     | 
49      | 0.5902    | 0.5612    | 
50      | 0.5924    | 0.5628    | 
51      | 0.5924    | 0.5615    | 
52      | 0.5928    | 0.5621    | 
53      | 0.5934    | 0.5608    | 
54      | 0.5941    | 0.5619    | 
55      | 0.5939    | 0.5613    | 
56      | 0.5929    | 0.5608    | 
57      | 0.5923    | 0.5618    | 
58      | 0.5924    | 0.5621    | 
59      | 0.5939    | 0.561     | 
60      | 0.5952    | 0.561     | 
61      | 0.5964    | 0.5653    | 
62      | 0.5956    | 0.5654    | 
63      | 0.596     | 0.5658    | 
64      | 0.5939    | 0.5653    | 
65      | 0.5926    | 0.5638    | 
66      | 0.5948    | 0.5629    | 
67      | 0.5946    | 0.5633    | 
68      | 0.5937    | 0.562     | 
69      | 0.5944    | 0.5605    | 
70      | 0.5962    | 0.5645    | 
71      | 0.5946    | 0.5615    | 
72      | 0.5939    | 0.5645    | 
73      | 0.5938    | 0.5645    | 
74      | 0.596     | 0.5681    | 
75      | 0.5953    | 0.5648    | 
76      | 0.5961    | 0.5658    | 
77      | 0.5959    | 0.5658    | 
78      | 0.596     | 0.5647    | 
79      | 0.5954    | 0.5669    | 
80      | 0.5951    | 0.5646    | 
81      | 0.5985    | 0.5682    | 
82      | 0.5982    | 0.5683    | 
83      | 0.5995    | 0.5683    | 
84      | 0.5992    | 0.5674    | 
85      | 0.5991    | 0.5659    | 
86      | 0.5998    | 0.566     | 
87      | 0.5997    | 0.5657    | 
88      | 0.6001    | 0.5651    | 
89      | 0.6008    | 0.5653    | 
90      | 0.5992    | 0.5641    | 
91      | 0.5991    | 0.5647    | 
92      | 0.5976    | 0.5634    | 
93      | 0.5974    | 0.5636    | 
94      | 0.5974    | 0.5628    | 
95      | 0.5976    | 0.5633    | 
96      | 0.5981    | 0.5641    | 
97      | 0.5977    | 0.5631    | 
98      | 0.5983    | 0.5642    | 
99      | 0.5993    | 0.5653    | 
100     | 0.5991    | 0.5651    | 
101     | 0.5999    | 0.5648    | 
102     | 0.5998    | 0.5651    | 
103     | 0.5994    | 0.5654    | 
104     | 0.6       | 0.5652    | 
105     | 0.6019    | 0.5654    | 
106     | 0.6015    | 0.5654    | 
107     | 0.601     | 0.5654    | 
108     | 0.6019    | 0.5653    | 
109     | 0.6011    | 0.5654    | 
110     | 0.6009    | 0.5652    | 
111     | 0.6008    | 0.5652    | 
112     | 0.6021    | 0.5653    | 
113     | 0.6032    | 0.5669    | 
114     | 0.6031    | 0.5678    | 
115     | 0.6019    | 0.5667    | 
116     | 0.6022    | 0.567     | 
117     | 0.6018    | 0.5672    | 
118     | 0.6029    | 0.5686    | 
119     | 0.602     | 0.5675    | 
120     | 0.6025    | 0.5679    | 
121     | 0.6032    | 0.5682    | 
122     | 0.6028    | 0.5672    | 
123     | 0.6029    | 0.5672    | 
124     | 0.602     | 0.565     | 
125     | 0.603     | 0.5661    | 
126     | 0.6023    | 0.5661    | 
127     | 0.603     | 0.5656    | 
128     | 0.6035    | 0.5657    | 
129     | 0.6027    | 0.5654    | 
130     | 0.6029    | 0.5655    | 
131     | 0.6029    | 0.5655    | 
132     | 0.6035    | 0.566     | 
133     | 0.6033    | 0.5658    | 
134     | 0.6034    | 0.5661    | 
135     | 0.6027    | 0.5665    | 
136     | 0.6031    | 0.568     | 
137     | 0.6033    | 0.5671    | 
138     | 0.6033    | 0.5667    | 
139     | 0.6026    | 0.5659    | 
140     | 0.6027    | 0.5665    | 
141     | 0.6035    | 0.5686    | 
142     | 0.6029    | 0.5685    | 
143     | 0.6038    | 0.5685    | 
144     | 0.6025    | 0.5694    | 
145     | 0.6021    | 0.5685    | 
146     | 0.6016    | 0.5659    | 
147     | 0.6017    | 0.5659    | 
148     | 0.6026    | 0.5657    | 
149     | 0.6031    | 0.5659    | 
150     | 0.6035    | 0.5658    | 
151     | 0.6042    | 0.5657    | 
152     | 0.6076    | 0.5688    | 
153     | 0.6075    | 0.5684    | 
154     | 0.6079    | 0.5699    | 
155     | 0.6079    | 0.571     | 
156     | 0.6085    | 0.5713    | 
157     | 0.6096    | 0.5715    | 
158     | 0.6095    | 0.5713    | 
159     | 0.6089    | 0.5707    | 
160     | 0.6108    | 0.5669    | 
161     | 0.6101    | 0.567     | 
162     | 0.6105    | 0.567     | 
163     | 0.6114    | 0.5673    | 
164     | 0.6101    | 0.5668    | 
165     | 0.6103    | 0.5666    | 
166     | 0.6094    | 0.5668    | 
167     | 0.6096    | 0.5669    | 
168     | 0.6099    | 0.5668    | 
169     | 0.6109    | 0.5662    | 
170     | 0.61      | 0.5647    | 
171     | 0.6102    | 0.5654    | 
172     | 0.6109    | 0.567     | 
173     | 0.6106    | 0.5655    | 
174     | 0.611     | 0.5655    | 
175     | 0.6102    | 0.5647    | 
176     | 0.6111    | 0.5652    | 
177     | 0.6108    | 0.5647    | 
178     | 0.6116    | 0.5659    | 
179     | 0.612     | 0.566     | 
180     | 0.6119    | 0.5658    | 
181     | 0.612     | 0.5669    | 
182     | 0.6112    | 0.5659    | 
183     | 0.6106    | 0.5657    | 
184     | 0.6104    | 0.5665    | 
185     | 0.6096    | 0.566     | 
186     | 0.6096    | 0.5656    | 
187     | 0.6099    | 0.5661    | 
188     | 0.6102    | 0.5659    | 
189     | 0.6102    | 0.5704    | 
190     | 0.6099    | 0.5652    | 
191     | 0.6103    | 0.5673    | 
192     | 0.6094    | 0.5656    | 
193     | 0.6096    | 0.5659    | 
194     | 0.6099    | 0.5652    | 
195     | 0.6103    | 0.5647    | 
196     | 0.6103    | 0.5655    | 
197     | 0.6104    | 0.5633    | 
198     | 0.6108    | 0.5643    | 
199     | 0.6103    | 0.5654    | 
200     | 0.6102    | 0.5664    | 
201     | 0.6094    | 0.5665    | 
202     | 0.6095    | 0.5659    | 
203     | 0.6093    | 0.567     | 
204     | 0.6093    | 0.5669    | 
205     | 0.6088    | 0.5667    | 
206     | 0.6088    | 0.5708    | 
207     | 0.6092    | 0.5713    | 
208     | 0.6103    | 0.5714    | 
209     | 0.6106    | 0.5717    | 
210     | 0.6101    | 0.5717    | 
211     | 0.6108    | 0.5686    | 
212     | 0.6109    | 0.5733    | 
213     | 0.6108    | 0.572     | 
214     | 0.6107    | 0.5735    | 
215     | 0.6109    | 0.572     | 
216     | 0.6111    | 0.5721    | 
217     | 0.6114    | 0.5716    | 
218     | 0.6108    | 0.5708    | 
219     | 0.6108    | 0.5708    | 
220     | 0.6106    | 0.5708    | 
221     | 0.6107    | 0.5709    | 
222     | 0.6109    | 0.5716    | 
223     | 0.6107    | 0.5712    | 
224     | 0.6106    | 0.5717    | 
225     | 0.611     | 0.5717    | 
226     | 0.6115    | 0.5719    | 
227     | 0.6118    | 0.5722    | 
228     | 0.6114    | 0.5728    | 
229     | 0.6115    | 0.5718    | 
230     | 0.6121    | 0.572     | 
231     | 0.6118    | 0.5728    | 
232     | 0.6118    | 0.5728    | 
233     | 0.6122    | 0.5732    | 
234     | 0.6125    | 0.5719    | 
235     | 0.6129    | 0.5708    | 
236     | 0.6129    | 0.5708    | 
237     | 0.6136    | 0.5718    | 
238     | 0.613     | 0.5729    | 
239     | 0.6134    | 0.5739    | 
240     | 0.6134    | 0.5734    | 
241     | 0.6154    | 0.5743    | 
242     | 0.6153    | 0.5734    | 
243     | 0.6153    | 0.574     | 
244     | 0.6138    | 0.5731    | 
245     | 0.6137    | 0.5719    | 
246     | 0.6136    | 0.5724    | 
247     | 0.6132    | 0.5727    | 
248     | 0.614     | 0.5727    | 
249     | 0.6146    | 0.5721    | 
250     | 0.6145    | 0.5728    | 
251     | 0.6141    | 0.5728    | 
252     | 0.6144    | 0.573     | 
253     | 0.6146    | 0.5744    | 
254     | 0.6136    | 0.5744    | 
255     | 0.6136    | 0.5744    | 
256     | 0.6136    | 0.573     | 
257     | 0.6131    | 0.5732    | 
258     | 0.6127    | 0.5719    | 
259     | 0.6128    | 0.572     | 
260     | 0.6129    | 0.5722    | 
261     | 0.6129    | 0.5722    | 
262     | 0.6127    | 0.5725    | 
263     | 0.6129    | 0.5724    | 
264     | 0.6139    | 0.5722    | 
265     | 0.6128    | 0.5726    | 
266     | 0.613     | 0.5726    | 
267     | 0.6132    | 0.5723    | 
268     | 0.6125    | 0.5716    | 
269     | 0.6131    | 0.573     | 
270     | 0.6131    | 0.573     | 
271     | 0.6126    | 0.5729    | 
272     | 0.6127    | 0.5724    | 
273     | 0.6127    | 0.573     | 
274     | 0.6127    | 0.5731    | 
275     | 0.6125    | 0.5731    | 
276     | 0.6124    | 0.5734    | 
277     | 0.6127    | 0.5727    | 
278     | 0.6126    | 0.5728    | 
279     | 0.6137    | 0.5722    | 
280     | 0.6135    | 0.5719    | 
281     | 0.6136    | 0.5725    | 
282     | 0.6133    | 0.5726    | 
283     | 0.6133    | 0.5709    | 
284     | 0.6135    | 0.5718    | 
285     | 0.6133    | 0.5719    | 
286     | 0.6142    | 0.5737    | 
287     | 0.6143    | 0.5721    | 
288     | 0.6148    | 0.5724    | 
289     | 0.6134    | 0.5738    | 
290     | 0.6134    | 0.5729    | 
291     | 0.6141    | 0.5726    | 
292     | 0.6137    | 0.5731    | 
293     | 0.6147    | 0.5727    | 
294     | 0.6143    | 0.573     | 
295     | 0.6137    | 0.571     | 
296     | 0.6146    | 0.571     | 
297     | 0.6147    | 0.5727    | 
298     | 0.6151    | 0.5727    | 
299     | 0.6151    | 0.5724    | 
300     | 0.6148    | 0.5731    | 
301     | 0.615     | 0.5734    | 
302     | 0.6149    | 0.5734    | 
303     | 0.6145    | 0.5718    | 
304     | 0.6146    | 0.5718    | 
305     | 0.6151    | 0.5713    | 
306     | 0.6133    | 0.572     | 
307     | 0.6134    | 0.572     | 
308     | 0.6141    | 0.5719    | 
309     | 0.6137    | 0.5718    | 
310     | 0.6158    | 0.5728    | 
311     | 0.6157    | 0.5727    | 
312     | 0.6156    | 0.5717    | 
313     | 0.6155    | 0.5713    | 
314     | 0.6154    | 0.571     | 
315     | 0.6155    | 0.5701    | 
316     | 0.6154    | 0.5711    | 
317     | 0.6154    | 0.5712    | 
318     | 0.6152    | 0.571     | 
319     | 0.6155    | 0.5708    | 
320     | 0.6148    | 0.5714    | 
321     | 0.615     | 0.5705    | 
322     | 0.6149    | 0.5704    | 
323     | 0.6154    | 0.57      | 
324     | 0.6153    | 0.5697    | 
325     | 0.6152    | 0.5698    | 
326     | 0.6152    | 0.5703    | 
327     | 0.6144    | 0.5714    | 
328     | 0.6151    | 0.5726    | 
329     | 0.6143    | 0.5723    | 
330     | 0.6146    | 0.5713    | 
331     | 0.6152    | 0.5713    | 
332     | 0.6152    | 0.571     | 
333     | 0.6157    | 0.5711    | 
334     | 0.616     | 0.5717    | 
335     | 0.615     | 0.5736    | 
336     | 0.615     | 0.5739    | 
337     | 0.6155    | 0.575     | 
338     | 0.6148    | 0.5741    | 
339     | 0.6166    | 0.5745    | 
340     | 0.6158    | 0.5723    | 
341     | 0.6155    | 0.572     | 
342     | 0.6156    | 0.5714    | 
343     | 0.615     | 0.5713    | 
344     | 0.6155    | 0.5713    | 
345     | 0.6155    | 0.5718    | 
346     | 0.6156    | 0.5719    | 
347     | 0.6153    | 0.5734    | 
348     | 0.615     | 0.5732    | 
349     | 0.6164    | 0.573     | 
350     | 0.6157    | 0.5731    | 
351     | 0.6167    | 0.5733    | 
352     | 0.6162    | 0.575     | 
353     | 0.6155    | 0.5725    | 
354     | 0.6156    | 0.5726    | 
355     | 0.6155    | 0.5734    | 
356     | 0.6166    | 0.5721    | 
357     | 0.6158    | 0.5714    | 
358     | 0.6159    | 0.5731    | 
359     | 0.6155    | 0.5719    | 
360     | 0.6157    | 0.5717    | 
361     | 0.6156    | 0.5718    | 
362     | 0.6158    | 0.5732    | 
363     | 0.6157    | 0.5718    | 
364     | 0.6149    | 0.5739    | 
365     | 0.6152    | 0.573     | 
366     | 0.6156    | 0.5719    | 
367     | 0.6168    | 0.5729    | 
368     | 0.6168    | 0.5733    | 
369     | 0.6165    | 0.5724    | 
370     | 0.6167    | 0.572     | 
371     | 0.616     | 0.5717    | 
372     | 0.6165    | 0.5725    | 
373     | 0.6155    | 0.5719    | 
374     | 0.6161    | 0.5723    | 
375     | 0.616     | 0.5721    | 
376     | 0.616     | 0.5733    | 
377     | 0.6151    | 0.5707    | 
378     | 0.6161    | 0.5734    | 
379     | 0.6171    | 0.573     | 
380     | 0.616     | 0.5723    | 
381     | 0.6175    | 0.5731    | 
382     | 0.6168    | 0.5732    | 
383     | 0.6168    | 0.5724    | 
384     | 0.6165    | 0.5731    | 
385     | 0.6174    | 0.573     | 
386     | 0.617     | 0.5731    | 
387     | 0.6163    | 0.5739    | 
388     | 0.6169    | 0.5737    | 
389     | 0.6172    | 0.5737    | 
390     | 0.6179    | 0.574     | 
391     | 0.6179    | 0.5742    | 
392     | 0.618     | 0.5744    | 
393     | 0.6175    | 0.5758    | 
394     | 0.6184    | 0.5766    | 
395     | 0.6171    | 0.5762    | 
396     | 0.6172    | 0.5752    | 
397     | 0.6171    | 0.5751    | 
398     | 0.6188    | 0.5755    | 
399     | 0.6192    | 0.5749    | 
400     | 0.6193    | 0.5748    | 
401     | 0.6192    | 0.5746    | 
402     | 0.6187    | 0.5745    | 
403     | 0.6189    | 0.5748    | 
404     | 0.6187    | 0.575     | 
405     | 0.6189    | 0.5747    | 
406     | 0.6187    | 0.5747    | 
407     | 0.6187    | 0.5747    | 
408     | 0.6187    | 0.5748    | 
409     | 0.6178    | 0.5737    | 
410     | 0.6186    | 0.574     | 
411     | 0.6181    | 0.5738    | 
412     | 0.6182    | 0.5738    | 
413     | 0.6187    | 0.5737    | 
414     | 0.6184    | 0.5736    | 
415     | 0.6184    | 0.5736    | 
416     | 0.6176    | 0.5738    | 
417     | 0.6172    | 0.5734    | 
418     | 0.6158    | 0.5734    | 
419     | 0.6163    | 0.5753    | 
420     | 0.6167    | 0.5753    | 
421     | 0.6168    | 0.5738    | 
422     | 0.6168    | 0.5738    | 
423     | 0.6181    | 0.574     | 
424     | 0.6177    | 0.5745    | 
425     | 0.6181    | 0.5745    | 
426     | 0.6183    | 0.5745    | 
427     | 0.6186    | 0.5746    | 
428     | 0.6181    | 0.5742    | 
429     | 0.6182    | 0.5742    | 
430     | 0.6193    | 0.5742    | 
431     | 0.6193    | 0.5746    | 
432     | 0.6188    | 0.5747    | 
433     | 0.6182    | 0.5747    | 
434     | 0.6183    | 0.5747    | 
435     | 0.6182    | 0.5747    | 
436     | 0.6184    | 0.5746    | 
437     | 0.618     | 0.5741    | 
438     | 0.6183    | 0.5739    | 
439     | 0.618     | 0.5739    | 
440     | 0.6189    | 0.5739    | 
441     | 0.6181    | 0.5751    | 
442     | 0.6183    | 0.5741    | 
443     | 0.6183    | 0.5742    | 
444     | 0.6182    | 0.5739    | 
445     | 0.6181    | 0.5743    | 
446     | 0.6179    | 0.5741    | 
447     | 0.6175    | 0.5744    | 
448     | 0.6173    | 0.5739    | 
449     | 0.6169    | 0.5743    | 
450     | 0.6172    | 0.5742    | 
451     | 0.6175    | 0.5754    | 
452     | 0.6172    | 0.5754    | 
453     | 0.6182    | 0.5753    | 
454     | 0.6181    | 0.5753    | 
455     | 0.6192    | 0.5754    | 
456     | 0.619     | 0.5754    | 
457     | 0.6185    | 0.5759    | 
458     | 0.6193    | 0.5768    | 
459     | 0.618     | 0.5758    | 
460     | 0.6184    | 0.5761    | 
461     | 0.6184    | 0.5752    | 
462     | 0.6185    | 0.5752    | 
463     | 0.6182    | 0.575     | 
464     | 0.6185    | 0.5758    | 
465     | 0.6184    | 0.5756    | 
466     | 0.6176    | 0.5753    | 
467     | 0.6187    | 0.5757    | 
468     | 0.6174    | 0.5752    | 
469     | 0.6174    | 0.5753    | 
470     | 0.6173    | 0.5757    | 
471     | 0.6173    | 0.5768    | 
472     | 0.6187    | 0.5768    | 
473     | 0.6185    | 0.577     | 
474     | 0.6185    | 0.5763    | 
475     | 0.6186    | 0.5769    | 
476     | 0.6187    | 0.5769    | 
477     | 0.6187    | 0.577     | 
478     | 0.6179    | 0.5769    | 
479     | 0.6171    | 0.5769    | 
480     | 0.6168    | 0.5767    | 
481     | 0.6163    | 0.5758    | 
482     | 0.6164    | 0.577     | 
483     | 0.6169    | 0.5756    | 
484     | 0.617     | 0.575     | 
485     | 0.6177    | 0.5751    | 
486     | 0.6173    | 0.5759    | 
487     | 0.6175    | 0.5757    | 
488     | 0.6172    | 0.5755    | 
489     | 0.6175    | 0.5756    | 
490     | 0.6187    | 0.5758    | 
491     | 0.6189    | 0.5759    | 
492     | 0.6186    | 0.5756    | 
493     | 0.6194    | 0.576     | 
494     | 0.6175    | 0.5755    | 
495     | 0.6167    | 0.5751    | 
496     | 0.6177    | 0.5746    | 
497     | 0.6187    | 0.5757    | 
498     | 0.6183    | 0.5758    | 
499     | 0.618     | 0.5767    | 
500     | 0.6181    | 0.5769    | 
501     | 0.6179    | 0.5769    | 
502     | 0.6179    | 0.5768    | 
503     | 0.619     | 0.5764    | 
504     | 0.6185    | 0.5765    | 
505     | 0.6182    | 0.5765    | 
506     | 0.6178    | 0.5766    | 
507     | 0.6165    | 0.5781    | 
508     | 0.6175    | 0.5764    | 
509     | 0.6185    | 0.5765    | 
510     | 0.6183    | 0.5765    | 
511     | 0.6183    | 0.5768    | 
512     | 0.6184    | 0.5769    | 
513     | 0.6184    | 0.5773    | 
514     | 0.6175    | 0.5787    | 
515     | 0.6177    | 0.5787    | 
516     | 0.6176    | 0.5788    | 
517     | 0.6177    | 0.5779    | 
518     | 0.6173    | 0.5768    | 
519     | 0.6172    | 0.5777    | 
520     | 0.6172    | 0.5801    | 
521     | 0.6189    | 0.5791    | 
522     | 0.6199    | 0.5804    | 
523     | 0.6195    | 0.5793    | 
524     | 0.6192    | 0.5782    | 
525     | 0.6192    | 0.5782    | 
526     | 0.6196    | 0.5781    | 
527     | 0.62      | 0.5757    | 
528     | 0.6201    | 0.5773    | 
529     | 0.6197    | 0.5761    | 
530     | 0.6195    | 0.5761    | 
531     | 0.6194    | 0.5761    | 
532     | 0.6193    | 0.5766    | 
533     | 0.6192    | 0.5777    | 
534     | 0.6183    | 0.5777    | 
535     | 0.6187    | 0.5777    | 
536     | 0.6189    | 0.5773    | 
537     | 0.6192    | 0.5775    | 
538     | 0.6197    | 0.5789    | 
539     | 0.6204    | 0.579     | 
540     | 0.6204    | 0.5795    | 
541     | 0.6196    | 0.579     | 
542     | 0.6196    | 0.579     | 
543     | 0.62      | 0.5785    | 
544     | 0.62      | 0.5785    | 
545     | 0.62      | 0.5794    | 
546     | 0.6201    | 0.5773    | 
547     | 0.6201    | 0.5773    | 
548     | 0.6208    | 0.5774    | 
549     | 0.6203    | 0.5783    | 
550     | 0.6207    | 0.5784    | 
551     | 0.6207    | 0.5775    | 
552     | 0.6201    | 0.5787    | 
553     | 0.6198    | 0.5773    | 
554     | 0.6202    | 0.5786    | 
555     | 0.6205    | 0.5777    | 
556     | 0.6199    | 0.5778    | 
557     | 0.6202    | 0.5777    | 
558     | 0.6201    | 0.5782    | 
559     | 0.6211    | 0.5784    | 
560     | 0.6214    | 0.5783    | 
561     | 0.6214    | 0.5786    | 
562     | 0.6213    | 0.5787    | 
563     | 0.6208    | 0.5782    | 
564     | 0.6209    | 0.578     | 
565     | 0.6206    | 0.578     | 
566     | 0.6215    | 0.5785    | 
567     | 0.6216    | 0.5785    | 
568     | 0.6224    | 0.5794    | 
569     | 0.6222    | 0.5793    | 
570     | 0.6221    | 0.5793    | 
571     | 0.6219    | 0.5794    | 
572     | 0.6224    | 0.5793    | 
573     | 0.6223    | 0.5787    | 
574     | 0.6221    | 0.5787    | 
575     | 0.6221    | 0.5782    | 
576     | 0.6223    | 0.5797    | 
577     | 0.6224    | 0.5802    | 
578     | 0.6225    | 0.5787    | 
579     | 0.6226    | 0.5786    | 
580     | 0.6227    | 0.5787    | 
581     | 0.6227    | 0.5787    | 
582     | 0.6233    | 0.5784    | 
583     | 0.6221    | 0.5786    | 
584     | 0.6224    | 0.5793    | 
585     | 0.6227    | 0.5795    | 
586     | 0.6234    | 0.5789    | 
587     | 0.6235    | 0.5798    | 
588     | 0.6234    | 0.5797    | 
589     | 0.6238    | 0.5802    | 
590     | 0.6239    | 0.5808    | 
591     | 0.6244    | 0.5807    | 
592     | 0.6232    | 0.58      | 
593     | 0.6236    | 0.5809    | 
594     | 0.6238    | 0.5809    | 
595     | 0.6241    | 0.5809    | 
596     | 0.6243    | 0.581     | 
597     | 0.6235    | 0.5812    | 
598     | 0.6236    | 0.5811    | 
599     | 0.623     | 0.581     | 
600     | 0.6227    | 0.581     | 
601     | 0.6225    | 0.581     | 
602     | 0.6224    | 0.581     | 
603     | 0.6226    | 0.581     | 
604     | 0.6228    | 0.581     | 
605     | 0.6231    | 0.5809    | 
606     | 0.6229    | 0.5812    | 
607     | 0.623     | 0.5812    | 
608     | 0.6228    | 0.5811    | 
609     | 0.6229    | 0.5812    | 
610     | 0.6225    | 0.5812    | 
611     | 0.6226    | 0.5823    | 
612     | 0.6233    | 0.5811    | 
613     | 0.6228    | 0.5811    | 
614     | 0.6229    | 0.5823    | 
615     | 0.6231    | 0.5816    | 
616     | 0.623     | 0.5806    | 
617     | 0.6231    | 0.5805    | 
618     | 0.6233    | 0.5806    | 
619     | 0.6231    | 0.5806    | 
620     | 0.6231    | 0.5812    | 
621     | 0.6227    | 0.5807    | 
622     | 0.6231    | 0.581     | 
623     | 0.6232    | 0.5807    | 
624     | 0.6232    | 0.5807    | 
625     | 0.6223    | 0.582     | 
626     | 0.6225    | 0.5821    | 
627     | 0.6225    | 0.5822    | 
628     | 0.6224    | 0.5823    | 
629     | 0.623     | 0.5827    | 
630     | 0.6241    | 0.5814    | 
631     | 0.6234    | 0.5815    | 
632     | 0.6232    | 0.5823    | 
633     | 0.6232    | 0.5832    | 
634     | 0.6231    | 0.5827    | 
635     | 0.6228    | 0.5825    | 
636     | 0.6226    | 0.5823    | 
637     | 0.6226    | 0.5826    | 
638     | 0.6229    | 0.5814    | 
639     | 0.6233    | 0.5826    | 
640     | 0.624     | 0.5826    | 
641     | 0.624     | 0.5825    | 
642     | 0.6243    | 0.5812    | 
643     | 0.6243    | 0.5809    | 
644     | 0.6239    | 0.5809    | 
645     | 0.6245    | 0.581     | 
646     | 0.6238    | 0.5807    | 
647     | 0.6236    | 0.5811    | 
648     | 0.6243    | 0.5821    | 
649     | 0.6243    | 0.5821    | 
650     | 0.6237    | 0.5823    | 
651     | 0.6239    | 0.5823    | 
652     | 0.6236    | 0.5823    | 
653     | 0.6237    | 0.5823    | 
654     | 0.6237    | 0.5823    | 
655     | 0.624     | 0.5827    | 
656     | 0.6239    | 0.5826    | 
657     | 0.6239    | 0.5826    | 
658     | 0.624     | 0.5826    | 
659     | 0.6243    | 0.5826    | 
660     | 0.6244    | 0.5827    | 
661     | 0.6245    | 0.5826    | 
662     | 0.6244    | 0.5825    | 
663     | 0.624     | 0.5812    | 
664     | 0.6244    | 0.5814    | 
665     | 0.6242    | 0.5814    | 
666     | 0.6241    | 0.5821    | 
667     | 0.624     | 0.5821    | 
668     | 0.624     | 0.582     | 
669     | 0.6238    | 0.5822    | 
670     | 0.6237    | 0.582     | 
671     | 0.6235    | 0.582     | 
672     | 0.6237    | 0.582     | 
673     | 0.6237    | 0.582     | 
674     | 0.6237    | 0.5823    | 
675     | 0.6238    | 0.5832    | 
676     | 0.6243    | 0.583     | 
677     | 0.6242    | 0.5822    | 
678     | 0.6241    | 0.5824    | 
679     | 0.6243    | 0.5837    | 
680     | 0.6244    | 0.584     | 
681     | 0.6239    | 0.5833    | 
682     | 0.6244    | 0.5842    | 
683     | 0.6245    | 0.5841    | 
684     | 0.6243    | 0.5843    | 
685     | 0.6242    | 0.5833    | 
686     | 0.6243    | 0.5846    | 
687     | 0.6243    | 0.5847    | 
688     | 0.6242    | 0.5839    | 
689     | 0.6247    | 0.5838    | 
690     | 0.6249    | 0.5839    | 
691     | 0.6247    | 0.5832    | 
692     | 0.6253    | 0.5844    | 
693     | 0.6248    | 0.5836    | 
694     | 0.6259    | 0.5852    | 
695     | 0.6259    | 0.5851    | 
696     | 0.6271    | 0.5847    | 
697     | 0.6266    | 0.5847    | 
698     | 0.6266    | 0.5851    | 
699     | 0.6261    | 0.5846    | 
700     | 0.6256    | 0.5847    | 
701     | 0.6263    | 0.5846    | 
702     | 0.6269    | 0.5842    | 
703     | 0.626     | 0.5845    | 
704     | 0.626     | 0.5845    | 
705     | 0.6255    | 0.5845    | 
706     | 0.626     | 0.584     | 
707     | 0.6259    | 0.5836    | 
708     | 0.6257    | 0.5846    | 
709     | 0.6262    | 0.5841    | 
710     | 0.6252    | 0.5833    | 
711     | 0.6251    | 0.5822    | 
712     | 0.6252    | 0.5823    | 
713     | 0.6258    | 0.5834    | 
714     | 0.6256    | 0.5835    | 
715     | 0.6258    | 0.5835    | 
716     | 0.6256    | 0.5838    | 
717     | 0.6257    | 0.5838    | 
718     | 0.6259    | 0.5838    | 
719     | 0.6263    | 0.5825    | 
720     | 0.6262    | 0.5825    | 
721     | 0.6265    | 0.5828    | 
722     | 0.6265    | 0.5824    | 
723     | 0.6266    | 0.5825    | 
724     | 0.6263    | 0.5827    | 
725     | 0.6263    | 0.5827    | 
726     | 0.6259    | 0.5826    | 
727     | 0.6273    | 0.5836    | 
728     | 0.6269    | 0.5835    | 
729     | 0.6279    | 0.5821    | 
730     | 0.6277    | 0.5821    | 
731     | 0.6273    | 0.5808    | 
732     | 0.6269    | 0.5808    | 
733     | 0.6269    | 0.5808    | 
734     | 0.6267    | 0.5808    | 
735     | 0.6267    | 0.5816    | 
736     | 0.6264    | 0.582     | 
737     | 0.6264    | 0.582     | 
738     | 0.6264    | 0.582     | 
739     | 0.6261    | 0.582     | 
740     | 0.6263    | 0.5833    | 
741     | 0.6266    | 0.5826    | 
742     | 0.6264    | 0.5826    | 
743     | 0.626     | 0.5826    | 
744     | 0.6258    | 0.5826    | 
745     | 0.6257    | 0.5826    | 
746     | 0.6253    | 0.5825    | 
747     | 0.6257    | 0.5827    | 
748     | 0.6254    | 0.5825    | 
749     | 0.6253    | 0.5825    | 
750     | 0.6259    | 0.5837    | 
751     | 0.6266    | 0.584     | 
752     | 0.6264    | 0.5838    | 
753     | 0.6266    | 0.5838    | 
754     | 0.6265    | 0.5838    | 
755     | 0.6264    | 0.5838    | 
756     | 0.6264    | 0.5836    | 
757     | 0.6265    | 0.5835    | 
758     | 0.6259    | 0.5822    | 
759     | 0.6265    | 0.5843    | 
760     | 0.6267    | 0.585     | 
761     | 0.6271    | 0.585     | 
762     | 0.6272    | 0.585     | 
763     | 0.6267    | 0.5843    | 
764     | 0.6272    | 0.5845    | 
765     | 0.627     | 0.5845    | 
766     | 0.6267    | 0.5842    | 
767     | 0.6269    | 0.5841    | 
768     | 0.6265    | 0.5841    | 
769     | 0.6267    | 0.5841    | 
770     | 0.627     | 0.584     | 
771     | 0.6272    | 0.5842    | 
772     | 0.6273    | 0.5842    | 
773     | 0.6271    | 0.5842    | 
774     | 0.6283    | 0.5842    | 
775     | 0.6284    | 0.585     | 
776     | 0.6282    | 0.585     | 
777     | 0.6281    | 0.5842    | 
778     | 0.6282    | 0.5841    | 
779     | 0.6282    | 0.584     | 
780     | 0.6284    | 0.5842    | 
781     | 0.6284    | 0.5841    | 
782     | 0.6284    | 0.584     | 
783     | 0.6284    | 0.5848    | 
784     | 0.6288    | 0.5847    | 
785     | 0.629     | 0.5849    | 
786     | 0.6287    | 0.5849    | 
787     | 0.6288    | 0.5849    | 
788     | 0.6287    | 0.5849    | 
789     | 0.6287    | 0.5848    | 
790     | 0.6288    | 0.5848    | 
791     | 0.6279    | 0.584     | 
792     | 0.6277    | 0.5835    | 
793     | 0.6283    | 0.5841    | 
794     | 0.6281    | 0.5835    | 
795     | 0.6284    | 0.5842    | 
---------------------------------
Finished sucessfully.
NDCG@10 on training data: 0.6259
NDCG@10 on validation data: 0.5852
---------------------------------
NDCG@10 on test data: 0.6314

Model saved to: ../model/experiment/model_before_last_after_first.txt
