java -jar RankLib-2.14.jar -train ../data/experiment/pos_train.txt -test ../data/experiment/pos_test.txt -validate ../data/experiment/pos_validate.txt -ranker 6 -metric2t NDCG@10 -metric2T NDCG@10 -save ../model/experiment/model_pos.txt

Discard orig. features
Training data:	../data/experiment/pos_train.txt
Test data:	../data/experiment/pos_test.txt
Validation data:	../data/experiment/pos_validate.txt
Feature vector representation: Dense.
Ranking method:	LambdaMART
Feature description file:	Unspecified. All features will be used.
Train metric:	NDCG@10
Test metric:	NDCG@10
Feature normalization: No
Model file: ../model/experiment/model_pos.txt

[+] LambdaMART's Parameters:
No. of trees: 1000
No. of leaves: 10
No. of threshold candidates: 256
Min leaf support: 1
Learning rate: 0.1
Stop early: 100 rounds without performance gain on validation data

Reading feature file [../data/experiment/pos_train.txt]... [Done.]            
(152 ranked lists, 7600 entries read)
Reading feature file [../data/experiment/pos_validate.txt]... [Done.]            
(75 ranked lists, 3750 entries read)
Reading feature file [../data/experiment/pos_test.txt]... [Done.]            
(77 ranked lists, 3850 entries read)
Initializing... [Done]
---------------------------------
Training starts...
---------------------------------
#iter   | NDCG@10-T | NDCG@10-V | 
---------------------------------
1       | 0.5237    | 0.5239    | 
2       | 0.5237    | 0.5255    | 
3       | 0.5261    | 0.5265    | 
4       | 0.5266    | 0.527     | 
5       | 0.5273    | 0.527     | 
6       | 0.5282    | 0.5287    | 
7       | 0.5327    | 0.5321    | 
8       | 0.5355    | 0.533     | 
9       | 0.5395    | 0.5377    | 
10      | 0.5419    | 0.5364    | 
11      | 0.543     | 0.5366    | 
12      | 0.5441    | 0.5387    | 
13      | 0.5429    | 0.5354    | 
14      | 0.548     | 0.535     | 
15      | 0.555     | 0.5383    | 
16      | 0.5569    | 0.5365    | 
17      | 0.5603    | 0.5427    | 
18      | 0.5621    | 0.5432    | 
19      | 0.5609    | 0.5442    | 
20      | 0.5626    | 0.543     | 
21      | 0.5647    | 0.5459    | 
22      | 0.5686    | 0.5469    | 
23      | 0.5669    | 0.5481    | 
24      | 0.5689    | 0.5479    | 
25      | 0.5721    | 0.5448    | 
26      | 0.5765    | 0.5502    | 
27      | 0.5758    | 0.5507    | 
28      | 0.5765    | 0.5523    | 
29      | 0.5764    | 0.5519    | 
30      | 0.5778    | 0.5546    | 
31      | 0.5817    | 0.5553    | 
32      | 0.5843    | 0.5549    | 
33      | 0.5869    | 0.555     | 
34      | 0.5863    | 0.5566    | 
35      | 0.5861    | 0.5573    | 
36      | 0.5889    | 0.5603    | 
37      | 0.589     | 0.56      | 
38      | 0.589     | 0.5625    | 
39      | 0.5909    | 0.5627    | 
40      | 0.5913    | 0.563     | 
41      | 0.5924    | 0.5591    | 
42      | 0.5935    | 0.5602    | 
43      | 0.5922    | 0.5603    | 
44      | 0.5942    | 0.5605    | 
45      | 0.5947    | 0.5594    | 
46      | 0.5979    | 0.5603    | 
47      | 0.5995    | 0.5601    | 
48      | 0.6004    | 0.5617    | 
49      | 0.6026    | 0.5664    | 
50      | 0.6049    | 0.5662    | 
51      | 0.6041    | 0.5699    | 
52      | 0.607     | 0.5708    | 
53      | 0.608     | 0.5722    | 
54      | 0.6079    | 0.5738    | 
55      | 0.6076    | 0.571     | 
56      | 0.6095    | 0.5728    | 
57      | 0.6115    | 0.5736    | 
58      | 0.6137    | 0.5742    | 
59      | 0.6142    | 0.5763    | 
60      | 0.6139    | 0.5752    | 
61      | 0.6164    | 0.5769    | 
62      | 0.6157    | 0.5773    | 
63      | 0.6176    | 0.5778    | 
64      | 0.6182    | 0.5765    | 
65      | 0.6189    | 0.5777    | 
66      | 0.6203    | 0.5758    | 
67      | 0.6202    | 0.5787    | 
68      | 0.6211    | 0.5771    | 
69      | 0.6215    | 0.5775    | 
70      | 0.622     | 0.5771    | 
71      | 0.6214    | 0.5768    | 
72      | 0.6203    | 0.577     | 
73      | 0.6209    | 0.5758    | 
74      | 0.6224    | 0.5771    | 
75      | 0.6231    | 0.578     | 
76      | 0.6245    | 0.5773    | 
77      | 0.625     | 0.5749    | 
78      | 0.6254    | 0.5817    | 
79      | 0.6262    | 0.5792    | 
80      | 0.6264    | 0.5788    | 
81      | 0.6285    | 0.5797    | 
82      | 0.6271    | 0.5826    | 
83      | 0.6291    | 0.5823    | 
84      | 0.6304    | 0.5817    | 
85      | 0.6304    | 0.5808    | 
86      | 0.6316    | 0.5825    | 
87      | 0.6316    | 0.5863    | 
88      | 0.6334    | 0.5875    | 
89      | 0.634     | 0.5874    | 
90      | 0.6338    | 0.5857    | 
91      | 0.6329    | 0.5848    | 
92      | 0.6336    | 0.5866    | 
93      | 0.6339    | 0.5896    | 
94      | 0.6336    | 0.592     | 
95      | 0.6352    | 0.5968    | 
96      | 0.6358    | 0.5958    | 
97      | 0.6354    | 0.5942    | 
98      | 0.635     | 0.5946    | 
99      | 0.6363    | 0.5944    | 
100     | 0.638     | 0.5961    | 
101     | 0.6402    | 0.5965    | 
102     | 0.64      | 0.5971    | 
103     | 0.6401    | 0.5981    | 
104     | 0.6416    | 0.5976    | 
105     | 0.6445    | 0.5995    | 
106     | 0.6447    | 0.5981    | 
107     | 0.6452    | 0.5972    | 
108     | 0.6451    | 0.5972    | 
109     | 0.6459    | 0.5961    | 
110     | 0.6457    | 0.5973    | 
111     | 0.6464    | 0.5928    | 
112     | 0.6467    | 0.5931    | 
113     | 0.6466    | 0.5923    | 
114     | 0.6469    | 0.5928    | 
115     | 0.6467    | 0.5916    | 
116     | 0.6463    | 0.5894    | 
117     | 0.6478    | 0.5892    | 
118     | 0.6491    | 0.5912    | 
119     | 0.6485    | 0.5947    | 
120     | 0.6507    | 0.5961    | 
121     | 0.652     | 0.5952    | 
122     | 0.6524    | 0.595     | 
123     | 0.6534    | 0.5952    | 
124     | 0.6545    | 0.5956    | 
125     | 0.6553    | 0.5977    | 
126     | 0.6546    | 0.595     | 
127     | 0.6544    | 0.5956    | 
128     | 0.655     | 0.5948    | 
129     | 0.6551    | 0.5947    | 
130     | 0.6551    | 0.5919    | 
131     | 0.6553    | 0.5923    | 
132     | 0.6556    | 0.5931    | 
133     | 0.6564    | 0.5925    | 
134     | 0.6554    | 0.5927    | 
135     | 0.6549    | 0.5945    | 
136     | 0.6554    | 0.596     | 
137     | 0.658     | 0.596     | 
138     | 0.6592    | 0.596     | 
139     | 0.6597    | 0.5962    | 
140     | 0.6578    | 0.5963    | 
141     | 0.6592    | 0.5955    | 
142     | 0.6588    | 0.5982    | 
143     | 0.6595    | 0.5972    | 
144     | 0.6621    | 0.5976    | 
145     | 0.6647    | 0.5981    | 
146     | 0.6652    | 0.5995    | 
147     | 0.6654    | 0.5982    | 
148     | 0.667     | 0.5982    | 
149     | 0.6681    | 0.6026    | 
150     | 0.6684    | 0.6009    | 
151     | 0.6695    | 0.6013    | 
152     | 0.6701    | 0.6014    | 
153     | 0.6724    | 0.6027    | 
154     | 0.6734    | 0.6016    | 
155     | 0.6737    | 0.6034    | 
156     | 0.6733    | 0.6043    | 
157     | 0.6732    | 0.6044    | 
158     | 0.6728    | 0.6045    | 
159     | 0.6738    | 0.6057    | 
160     | 0.6743    | 0.6053    | 
161     | 0.6736    | 0.6039    | 
162     | 0.6743    | 0.6051    | 
163     | 0.6752    | 0.6032    | 
164     | 0.6752    | 0.6016    | 
165     | 0.675     | 0.6041    | 
166     | 0.677     | 0.6035    | 
167     | 0.6777    | 0.6058    | 
168     | 0.6778    | 0.6064    | 
169     | 0.6776    | 0.6068    | 
170     | 0.6773    | 0.6069    | 
171     | 0.6772    | 0.606     | 
172     | 0.6777    | 0.6074    | 
173     | 0.6782    | 0.6073    | 
174     | 0.6801    | 0.6075    | 
175     | 0.6807    | 0.6084    | 
176     | 0.6807    | 0.6086    | 
177     | 0.6801    | 0.6066    | 
178     | 0.6805    | 0.612     | 
179     | 0.681     | 0.6107    | 
180     | 0.682     | 0.6115    | 
181     | 0.6822    | 0.6117    | 
182     | 0.6811    | 0.6121    | 
183     | 0.6811    | 0.6111    | 
184     | 0.6809    | 0.6109    | 
185     | 0.6812    | 0.608     | 
186     | 0.6818    | 0.6085    | 
187     | 0.6819    | 0.6078    | 
188     | 0.6825    | 0.61      | 
189     | 0.6835    | 0.6118    | 
190     | 0.6837    | 0.6098    | 
191     | 0.6841    | 0.6096    | 
192     | 0.6843    | 0.6099    | 
193     | 0.6848    | 0.6103    | 
194     | 0.6851    | 0.6112    | 
195     | 0.6849    | 0.612     | 
196     | 0.6848    | 0.6117    | 
197     | 0.686     | 0.6129    | 
198     | 0.6855    | 0.6144    | 
199     | 0.6858    | 0.6158    | 
200     | 0.6858    | 0.6165    | 
201     | 0.6862    | 0.6179    | 
202     | 0.6861    | 0.6175    | 
203     | 0.6862    | 0.6164    | 
204     | 0.6867    | 0.6167    | 
205     | 0.6865    | 0.6166    | 
206     | 0.6851    | 0.6164    | 
207     | 0.6863    | 0.615     | 
208     | 0.6869    | 0.6134    | 
209     | 0.6882    | 0.6164    | 
210     | 0.6874    | 0.6152    | 
211     | 0.6874    | 0.6156    | 
212     | 0.6881    | 0.6179    | 
213     | 0.6884    | 0.619     | 
214     | 0.6886    | 0.6185    | 
215     | 0.6884    | 0.6186    | 
216     | 0.6877    | 0.6189    | 
217     | 0.6879    | 0.6191    | 
218     | 0.6883    | 0.6182    | 
219     | 0.6882    | 0.6198    | 
220     | 0.6885    | 0.6194    | 
221     | 0.6885    | 0.6208    | 
222     | 0.6889    | 0.6203    | 
223     | 0.6897    | 0.622     | 
224     | 0.6902    | 0.6221    | 
225     | 0.6904    | 0.6238    | 
226     | 0.6903    | 0.6243    | 
227     | 0.6897    | 0.6214    | 
228     | 0.6898    | 0.6217    | 
229     | 0.6906    | 0.623     | 
230     | 0.6908    | 0.623     | 
231     | 0.691     | 0.6232    | 
232     | 0.6912    | 0.6229    | 
233     | 0.6915    | 0.6234    | 
234     | 0.6922    | 0.6228    | 
235     | 0.6931    | 0.6217    | 
236     | 0.6934    | 0.6239    | 
237     | 0.6939    | 0.6245    | 
238     | 0.6946    | 0.6252    | 
239     | 0.6962    | 0.6254    | 
240     | 0.6963    | 0.6256    | 
241     | 0.6954    | 0.6252    | 
242     | 0.6962    | 0.6259    | 
243     | 0.697     | 0.6264    | 
244     | 0.6967    | 0.6264    | 
245     | 0.6968    | 0.6266    | 
246     | 0.6971    | 0.6263    | 
247     | 0.6974    | 0.6258    | 
248     | 0.6969    | 0.6253    | 
249     | 0.6977    | 0.6253    | 
250     | 0.6982    | 0.6256    | 
251     | 0.6976    | 0.6267    | 
252     | 0.6972    | 0.626     | 
253     | 0.6988    | 0.6271    | 
254     | 0.6989    | 0.6247    | 
255     | 0.6987    | 0.6255    | 
256     | 0.6985    | 0.6273    | 
257     | 0.699     | 0.6273    | 
258     | 0.6988    | 0.6273    | 
259     | 0.6988    | 0.6269    | 
260     | 0.6986    | 0.6258    | 
261     | 0.699     | 0.6256    | 
262     | 0.6992    | 0.624     | 
263     | 0.699     | 0.6238    | 
264     | 0.6995    | 0.6241    | 
265     | 0.7       | 0.6251    | 
266     | 0.7016    | 0.6266    | 
267     | 0.7018    | 0.6264    | 
268     | 0.7025    | 0.6264    | 
269     | 0.7026    | 0.6264    | 
270     | 0.7033    | 0.6271    | 
271     | 0.7037    | 0.6279    | 
272     | 0.7033    | 0.629     | 
273     | 0.7031    | 0.6297    | 
274     | 0.7034    | 0.6285    | 
275     | 0.7056    | 0.6286    | 
276     | 0.7059    | 0.6291    | 
277     | 0.706     | 0.6303    | 
278     | 0.706     | 0.6293    | 
279     | 0.7067    | 0.6294    | 
280     | 0.7076    | 0.6305    | 
281     | 0.7074    | 0.6298    | 
282     | 0.7076    | 0.6289    | 
283     | 0.7072    | 0.6287    | 
284     | 0.708     | 0.6273    | 
285     | 0.7086    | 0.6293    | 
286     | 0.7085    | 0.6284    | 
287     | 0.7082    | 0.6281    | 
288     | 0.7082    | 0.6278    | 
289     | 0.7085    | 0.6297    | 
290     | 0.7086    | 0.6287    | 
291     | 0.7088    | 0.6297    | 
292     | 0.7087    | 0.6302    | 
293     | 0.7094    | 0.6312    | 
294     | 0.7103    | 0.6313    | 
295     | 0.7099    | 0.6309    | 
296     | 0.7103    | 0.6308    | 
297     | 0.711     | 0.6307    | 
298     | 0.7117    | 0.6307    | 
299     | 0.7127    | 0.6311    | 
300     | 0.7132    | 0.6314    | 
301     | 0.7137    | 0.6314    | 
302     | 0.7142    | 0.6278    | 
303     | 0.7149    | 0.6278    | 
304     | 0.7153    | 0.6279    | 
305     | 0.7154    | 0.6278    | 
306     | 0.7172    | 0.6298    | 
307     | 0.716     | 0.6294    | 
308     | 0.7174    | 0.631     | 
309     | 0.7175    | 0.6287    | 
310     | 0.7175    | 0.6283    | 
311     | 0.7185    | 0.6296    | 
312     | 0.7193    | 0.6309    | 
313     | 0.7192    | 0.6317    | 
314     | 0.7195    | 0.632     | 
315     | 0.7186    | 0.6314    | 
316     | 0.7194    | 0.6313    | 
317     | 0.7198    | 0.6305    | 
318     | 0.7203    | 0.6308    | 
319     | 0.7206    | 0.6314    | 
320     | 0.721     | 0.6316    | 
321     | 0.7218    | 0.6317    | 
322     | 0.7221    | 0.6318    | 
323     | 0.7224    | 0.6328    | 
324     | 0.7218    | 0.6335    | 
325     | 0.7222    | 0.6343    | 
326     | 0.7218    | 0.6344    | 
327     | 0.7218    | 0.6344    | 
328     | 0.7217    | 0.6343    | 
329     | 0.7223    | 0.6327    | 
330     | 0.722     | 0.6335    | 
331     | 0.722     | 0.6335    | 
332     | 0.7241    | 0.6339    | 
333     | 0.7236    | 0.6332    | 
334     | 0.7242    | 0.6332    | 
335     | 0.7242    | 0.632     | 
336     | 0.7254    | 0.6335    | 
337     | 0.7255    | 0.6338    | 
338     | 0.7254    | 0.6318    | 
339     | 0.7248    | 0.6318    | 
340     | 0.7244    | 0.6319    | 
341     | 0.7254    | 0.6331    | 
342     | 0.7259    | 0.6331    | 
343     | 0.7261    | 0.6334    | 
344     | 0.7259    | 0.6358    | 
345     | 0.7262    | 0.6347    | 
346     | 0.7262    | 0.6347    | 
347     | 0.7262    | 0.6349    | 
348     | 0.726     | 0.6347    | 
349     | 0.726     | 0.6347    | 
350     | 0.7258    | 0.635     | 
351     | 0.7264    | 0.6358    | 
352     | 0.7266    | 0.6367    | 
353     | 0.7279    | 0.6369    | 
354     | 0.7276    | 0.6365    | 
355     | 0.7277    | 0.6377    | 
356     | 0.7277    | 0.6383    | 
357     | 0.7278    | 0.6377    | 
358     | 0.7278    | 0.6387    | 
359     | 0.7279    | 0.6394    | 
360     | 0.7282    | 0.6407    | 
361     | 0.7291    | 0.6402    | 
362     | 0.7293    | 0.6395    | 
363     | 0.7298    | 0.6391    | 
364     | 0.7302    | 0.6394    | 
365     | 0.7303    | 0.642     | 
366     | 0.7315    | 0.6418    | 
367     | 0.7322    | 0.642     | 
368     | 0.7324    | 0.6425    | 
369     | 0.7332    | 0.6415    | 
370     | 0.7338    | 0.6423    | 
371     | 0.734     | 0.6418    | 
372     | 0.7357    | 0.6426    | 
373     | 0.7356    | 0.6425    | 
374     | 0.7346    | 0.6425    | 
375     | 0.7359    | 0.6441    | 
376     | 0.7359    | 0.645     | 
377     | 0.7359    | 0.6463    | 
378     | 0.736     | 0.6457    | 
379     | 0.7356    | 0.646     | 
380     | 0.7349    | 0.6462    | 
381     | 0.7344    | 0.6466    | 
382     | 0.735     | 0.6449    | 
383     | 0.7359    | 0.6465    | 
384     | 0.736     | 0.646     | 
385     | 0.736     | 0.6465    | 
386     | 0.7368    | 0.6465    | 
387     | 0.7361    | 0.6473    | 
388     | 0.7361    | 0.6473    | 
389     | 0.7377    | 0.6481    | 
390     | 0.7372    | 0.6482    | 
391     | 0.7372    | 0.6477    | 
392     | 0.7374    | 0.6471    | 
393     | 0.7372    | 0.6471    | 
394     | 0.737     | 0.6471    | 
395     | 0.7373    | 0.6479    | 
396     | 0.7376    | 0.6474    | 
397     | 0.7375    | 0.6477    | 
398     | 0.7375    | 0.6479    | 
399     | 0.7387    | 0.6473    | 
400     | 0.7379    | 0.6453    | 
401     | 0.7378    | 0.6455    | 
402     | 0.7378    | 0.6453    | 
403     | 0.7381    | 0.646     | 
404     | 0.7376    | 0.6478    | 
405     | 0.7386    | 0.648     | 
406     | 0.7394    | 0.6477    | 
407     | 0.7398    | 0.6483    | 
408     | 0.7401    | 0.6492    | 
409     | 0.7403    | 0.6471    | 
410     | 0.7407    | 0.6486    | 
411     | 0.741     | 0.6499    | 
412     | 0.7407    | 0.6503    | 
413     | 0.7398    | 0.65      | 
414     | 0.7391    | 0.6511    | 
415     | 0.7404    | 0.651     | 
416     | 0.7407    | 0.651     | 
417     | 0.7405    | 0.65      | 
418     | 0.7403    | 0.6492    | 
419     | 0.7405    | 0.6486    | 
420     | 0.7406    | 0.651     | 
421     | 0.741     | 0.651     | 
422     | 0.7404    | 0.651     | 
423     | 0.7405    | 0.6505    | 
424     | 0.7405    | 0.6516    | 
425     | 0.7419    | 0.6513    | 
426     | 0.742     | 0.6521    | 
427     | 0.7422    | 0.6529    | 
428     | 0.7433    | 0.6531    | 
429     | 0.7432    | 0.6526    | 
430     | 0.7439    | 0.6529    | 
431     | 0.7445    | 0.654     | 
432     | 0.7441    | 0.6529    | 
433     | 0.7441    | 0.6523    | 
434     | 0.7442    | 0.6515    | 
435     | 0.744     | 0.6513    | 
436     | 0.7447    | 0.6511    | 
437     | 0.7458    | 0.6514    | 
438     | 0.746     | 0.6519    | 
439     | 0.7463    | 0.6529    | 
440     | 0.7457    | 0.6524    | 
441     | 0.7456    | 0.6516    | 
442     | 0.7461    | 0.651     | 
443     | 0.7469    | 0.6503    | 
444     | 0.747     | 0.6515    | 
445     | 0.7465    | 0.652     | 
446     | 0.7478    | 0.65      | 
447     | 0.7485    | 0.6503    | 
448     | 0.7478    | 0.6513    | 
449     | 0.7487    | 0.6534    | 
450     | 0.7487    | 0.6518    | 
451     | 0.7491    | 0.6532    | 
452     | 0.7498    | 0.6547    | 
453     | 0.7503    | 0.6552    | 
454     | 0.7501    | 0.6553    | 
455     | 0.7501    | 0.6546    | 
456     | 0.75      | 0.6545    | 
457     | 0.7511    | 0.6539    | 
458     | 0.7516    | 0.653     | 
459     | 0.7523    | 0.6565    | 
460     | 0.7522    | 0.6562    | 
461     | 0.752     | 0.657     | 
462     | 0.752     | 0.6553    | 
463     | 0.753     | 0.6562    | 
464     | 0.7523    | 0.6557    | 
465     | 0.7524    | 0.6564    | 
466     | 0.7534    | 0.6564    | 
467     | 0.7531    | 0.6554    | 
468     | 0.753     | 0.6555    | 
469     | 0.7533    | 0.6557    | 
470     | 0.7537    | 0.6558    | 
471     | 0.7534    | 0.6552    | 
472     | 0.7535    | 0.6555    | 
473     | 0.7542    | 0.6555    | 
474     | 0.7542    | 0.6554    | 
475     | 0.754     | 0.6554    | 
476     | 0.7541    | 0.6566    | 
477     | 0.7544    | 0.6576    | 
478     | 0.7546    | 0.6577    | 
479     | 0.7544    | 0.6583    | 
480     | 0.7544    | 0.6586    | 
481     | 0.7542    | 0.658     | 
482     | 0.7542    | 0.6583    | 
483     | 0.7545    | 0.6593    | 
484     | 0.7543    | 0.6604    | 
485     | 0.7564    | 0.6594    | 
486     | 0.757     | 0.6606    | 
487     | 0.7567    | 0.6602    | 
488     | 0.7567    | 0.6617    | 
489     | 0.7567    | 0.6615    | 
490     | 0.7573    | 0.6618    | 
491     | 0.7565    | 0.6621    | 
492     | 0.7569    | 0.6636    | 
493     | 0.7568    | 0.6627    | 
494     | 0.7571    | 0.6621    | 
495     | 0.7573    | 0.6629    | 
496     | 0.7574    | 0.6624    | 
497     | 0.7578    | 0.6624    | 
498     | 0.7573    | 0.6625    | 
499     | 0.7584    | 0.663     | 
500     | 0.7576    | 0.661     | 
501     | 0.7575    | 0.6646    | 
502     | 0.7578    | 0.6651    | 
503     | 0.7575    | 0.6651    | 
504     | 0.7577    | 0.6658    | 
505     | 0.7574    | 0.6664    | 
506     | 0.759     | 0.6656    | 
507     | 0.7591    | 0.6656    | 
508     | 0.759     | 0.6657    | 
509     | 0.759     | 0.6658    | 
510     | 0.7591    | 0.6664    | 
511     | 0.7593    | 0.6654    | 
512     | 0.7601    | 0.6657    | 
513     | 0.7604    | 0.6659    | 
514     | 0.7614    | 0.6657    | 
515     | 0.7609    | 0.6657    | 
516     | 0.7615    | 0.6651    | 
517     | 0.761     | 0.6639    | 
518     | 0.7608    | 0.6654    | 
519     | 0.7628    | 0.6661    | 
520     | 0.7622    | 0.6661    | 
521     | 0.7624    | 0.6664    | 
522     | 0.7625    | 0.6655    | 
523     | 0.7621    | 0.6663    | 
524     | 0.7623    | 0.6663    | 
525     | 0.7624    | 0.6664    | 
526     | 0.7624    | 0.6661    | 
527     | 0.7637    | 0.6663    | 
528     | 0.7642    | 0.6651    | 
529     | 0.7631    | 0.6657    | 
530     | 0.7645    | 0.6661    | 
531     | 0.7646    | 0.6662    | 
532     | 0.7685    | 0.6663    | 
533     | 0.7686    | 0.6669    | 
534     | 0.769     | 0.6676    | 
535     | 0.7688    | 0.6678    | 
536     | 0.7688    | 0.667     | 
537     | 0.7688    | 0.6666    | 
538     | 0.7688    | 0.6659    | 
539     | 0.7686    | 0.6662    | 
540     | 0.7693    | 0.6654    | 
541     | 0.77      | 0.6655    | 
542     | 0.7706    | 0.6696    | 
543     | 0.7705    | 0.6689    | 
544     | 0.7701    | 0.669     | 
545     | 0.7705    | 0.6692    | 
546     | 0.7706    | 0.671     | 
547     | 0.7702    | 0.6711    | 
548     | 0.7702    | 0.6703    | 
549     | 0.7704    | 0.6707    | 
550     | 0.7703    | 0.6712    | 
551     | 0.7702    | 0.6714    | 
552     | 0.7702    | 0.6714    | 
553     | 0.7697    | 0.671     | 
554     | 0.7697    | 0.671     | 
555     | 0.7703    | 0.6715    | 
556     | 0.7703    | 0.671     | 
557     | 0.7701    | 0.6711    | 
558     | 0.7701    | 0.6715    | 
559     | 0.7701    | 0.6716    | 
560     | 0.7699    | 0.6714    | 
561     | 0.7702    | 0.6715    | 
562     | 0.7703    | 0.6715    | 
563     | 0.77      | 0.6713    | 
564     | 0.7704    | 0.6714    | 
565     | 0.77      | 0.6714    | 
566     | 0.7701    | 0.6714    | 
567     | 0.7705    | 0.6715    | 
568     | 0.7712    | 0.6718    | 
569     | 0.7712    | 0.6725    | 
570     | 0.771     | 0.6735    | 
571     | 0.7713    | 0.673     | 
572     | 0.7709    | 0.6722    | 
573     | 0.7715    | 0.6724    | 
574     | 0.7714    | 0.6721    | 
575     | 0.7714    | 0.6721    | 
576     | 0.7715    | 0.6736    | 
577     | 0.7718    | 0.673     | 
578     | 0.772     | 0.6729    | 
579     | 0.7718    | 0.6728    | 
580     | 0.7718    | 0.6729    | 
581     | 0.7718    | 0.6725    | 
582     | 0.7725    | 0.6736    | 
583     | 0.7727    | 0.6747    | 
584     | 0.7729    | 0.6753    | 
585     | 0.7733    | 0.6745    | 
586     | 0.7733    | 0.6746    | 
587     | 0.7734    | 0.6737    | 
588     | 0.7734    | 0.6738    | 
589     | 0.7733    | 0.6737    | 
590     | 0.7733    | 0.6748    | 
591     | 0.7733    | 0.6745    | 
592     | 0.7736    | 0.6753    | 
593     | 0.7736    | 0.6758    | 
594     | 0.7738    | 0.6759    | 
595     | 0.7735    | 0.6748    | 
596     | 0.7737    | 0.6745    | 
597     | 0.7737    | 0.6746    | 
598     | 0.7741    | 0.6746    | 
599     | 0.7741    | 0.6744    | 
600     | 0.7746    | 0.6755    | 
601     | 0.7749    | 0.6751    | 
602     | 0.7743    | 0.6756    | 
603     | 0.7748    | 0.676     | 
604     | 0.7747    | 0.676     | 
605     | 0.7755    | 0.676     | 
606     | 0.7758    | 0.6763    | 
607     | 0.7757    | 0.6757    | 
608     | 0.7757    | 0.6758    | 
609     | 0.7759    | 0.6759    | 
610     | 0.7757    | 0.6763    | 
611     | 0.7755    | 0.6764    | 
612     | 0.7761    | 0.6762    | 
613     | 0.7764    | 0.6764    | 
614     | 0.777     | 0.6772    | 
615     | 0.7773    | 0.6779    | 
616     | 0.7774    | 0.6782    | 
617     | 0.7771    | 0.6781    | 
618     | 0.7778    | 0.6794    | 
619     | 0.7782    | 0.6788    | 
620     | 0.7795    | 0.6813    | 
621     | 0.7792    | 0.6825    | 
622     | 0.7798    | 0.6825    | 
623     | 0.7806    | 0.6834    | 
624     | 0.7811    | 0.6826    | 
625     | 0.7811    | 0.6827    | 
626     | 0.7814    | 0.6834    | 
627     | 0.7815    | 0.6836    | 
628     | 0.7818    | 0.6837    | 
629     | 0.782     | 0.6847    | 
630     | 0.7822    | 0.6855    | 
631     | 0.782     | 0.6856    | 
632     | 0.7817    | 0.6867    | 
633     | 0.7818    | 0.6858    | 
634     | 0.7819    | 0.6845    | 
635     | 0.7819    | 0.6846    | 
636     | 0.7821    | 0.6849    | 
637     | 0.7821    | 0.6853    | 
638     | 0.7821    | 0.6854    | 
639     | 0.7823    | 0.6855    | 
640     | 0.7823    | 0.6861    | 
641     | 0.7824    | 0.6863    | 
642     | 0.7826    | 0.6856    | 
643     | 0.7829    | 0.6856    | 
644     | 0.783     | 0.6857    | 
645     | 0.7823    | 0.6861    | 
646     | 0.7818    | 0.6863    | 
647     | 0.7825    | 0.6861    | 
648     | 0.7831    | 0.6856    | 
649     | 0.7831    | 0.6858    | 
650     | 0.7825    | 0.6858    | 
651     | 0.7832    | 0.6866    | 
652     | 0.783     | 0.6866    | 
653     | 0.7835    | 0.6868    | 
654     | 0.7834    | 0.6865    | 
655     | 0.7835    | 0.6864    | 
656     | 0.7836    | 0.6866    | 
657     | 0.7836    | 0.6866    | 
658     | 0.7832    | 0.6864    | 
659     | 0.7833    | 0.6863    | 
660     | 0.7832    | 0.687     | 
661     | 0.7829    | 0.6857    | 
662     | 0.7834    | 0.6871    | 
663     | 0.7835    | 0.6868    | 
664     | 0.7831    | 0.687     | 
665     | 0.7831    | 0.6873    | 
666     | 0.7831    | 0.6872    | 
667     | 0.7831    | 0.6873    | 
668     | 0.7833    | 0.6868    | 
669     | 0.7834    | 0.6867    | 
670     | 0.7834    | 0.6868    | 
671     | 0.7836    | 0.6873    | 
672     | 0.7838    | 0.6871    | 
673     | 0.7848    | 0.6872    | 
674     | 0.7847    | 0.6862    | 
675     | 0.7845    | 0.6869    | 
676     | 0.7845    | 0.6865    | 
677     | 0.7844    | 0.6865    | 
678     | 0.7844    | 0.6871    | 
679     | 0.7843    | 0.6875    | 
680     | 0.7843    | 0.6872    | 
681     | 0.7843    | 0.6872    | 
682     | 0.7845    | 0.6871    | 
683     | 0.7835    | 0.6891    | 
684     | 0.7837    | 0.6872    | 
685     | 0.7847    | 0.6872    | 
686     | 0.7853    | 0.6872    | 
687     | 0.7851    | 0.6884    | 
688     | 0.7857    | 0.6891    | 
689     | 0.7856    | 0.6883    | 
690     | 0.7859    | 0.6883    | 
691     | 0.7864    | 0.6885    | 
692     | 0.7863    | 0.6884    | 
693     | 0.7857    | 0.6883    | 
694     | 0.7857    | 0.6884    | 
695     | 0.7856    | 0.6886    | 
696     | 0.7866    | 0.6886    | 
697     | 0.7864    | 0.689     | 
698     | 0.7866    | 0.69      | 
699     | 0.787     | 0.69      | 
700     | 0.787     | 0.6899    | 
701     | 0.787     | 0.6894    | 
702     | 0.7871    | 0.6891    | 
703     | 0.787     | 0.6892    | 
704     | 0.7869    | 0.6884    | 
705     | 0.787     | 0.6892    | 
706     | 0.787     | 0.6891    | 
707     | 0.7875    | 0.6891    | 
708     | 0.7877    | 0.6902    | 
709     | 0.7877    | 0.6902    | 
710     | 0.7882    | 0.6912    | 
711     | 0.7886    | 0.6926    | 
712     | 0.7885    | 0.6923    | 
713     | 0.7884    | 0.6925    | 
714     | 0.788     | 0.693     | 
715     | 0.7879    | 0.6925    | 
716     | 0.788     | 0.693     | 
717     | 0.7881    | 0.6936    | 
718     | 0.7889    | 0.6936    | 
719     | 0.789     | 0.6933    | 
720     | 0.789     | 0.6935    | 
721     | 0.7885    | 0.6923    | 
722     | 0.7886    | 0.6919    | 
723     | 0.789     | 0.6923    | 
724     | 0.7893    | 0.6934    | 
725     | 0.7906    | 0.6921    | 
726     | 0.7905    | 0.693     | 
727     | 0.7905    | 0.6937    | 
728     | 0.7899    | 0.6947    | 
729     | 0.7903    | 0.6934    | 
730     | 0.7903    | 0.6934    | 
731     | 0.7905    | 0.6934    | 
732     | 0.7906    | 0.6935    | 
733     | 0.7907    | 0.693     | 
734     | 0.7907    | 0.6927    | 
735     | 0.7917    | 0.6934    | 
736     | 0.7919    | 0.6932    | 
737     | 0.792     | 0.6938    | 
738     | 0.7923    | 0.6944    | 
739     | 0.7923    | 0.6947    | 
740     | 0.7926    | 0.6948    | 
741     | 0.7924    | 0.6954    | 
742     | 0.7922    | 0.6946    | 
743     | 0.7922    | 0.6946    | 
744     | 0.7922    | 0.6946    | 
745     | 0.7923    | 0.6946    | 
746     | 0.7925    | 0.6949    | 
747     | 0.7924    | 0.6941    | 
748     | 0.7929    | 0.6945    | 
749     | 0.7928    | 0.6945    | 
750     | 0.7925    | 0.6946    | 
751     | 0.7933    | 0.6948    | 
752     | 0.7934    | 0.6947    | 
753     | 0.7935    | 0.6947    | 
754     | 0.7934    | 0.6948    | 
755     | 0.7944    | 0.6948    | 
756     | 0.7953    | 0.6964    | 
757     | 0.7959    | 0.6956    | 
758     | 0.7952    | 0.6966    | 
759     | 0.7958    | 0.6966    | 
760     | 0.7958    | 0.6959    | 
761     | 0.7957    | 0.696     | 
762     | 0.7961    | 0.6967    | 
763     | 0.7959    | 0.6959    | 
764     | 0.7961    | 0.696     | 
765     | 0.7965    | 0.6969    | 
766     | 0.7961    | 0.6976    | 
767     | 0.7967    | 0.6976    | 
768     | 0.7972    | 0.6978    | 
769     | 0.7973    | 0.6975    | 
770     | 0.7972    | 0.6976    | 
771     | 0.7977    | 0.6965    | 
772     | 0.7982    | 0.6969    | 
773     | 0.7983    | 0.6966    | 
774     | 0.799     | 0.697     | 
775     | 0.7987    | 0.6976    | 
776     | 0.7985    | 0.6976    | 
777     | 0.7984    | 0.6976    | 
778     | 0.7988    | 0.6982    | 
779     | 0.7991    | 0.6981    | 
780     | 0.7994    | 0.6981    | 
781     | 0.7992    | 0.6979    | 
782     | 0.8003    | 0.6987    | 
783     | 0.8001    | 0.6982    | 
784     | 0.8002    | 0.6977    | 
785     | 0.8002    | 0.6975    | 
786     | 0.7999    | 0.6977    | 
787     | 0.8       | 0.6977    | 
788     | 0.8       | 0.6977    | 
789     | 0.8003    | 0.6977    | 
790     | 0.8005    | 0.6982    | 
791     | 0.8008    | 0.6983    | 
792     | 0.8016    | 0.6984    | 
793     | 0.802     | 0.6988    | 
794     | 0.8018    | 0.6989    | 
795     | 0.802     | 0.6987    | 
796     | 0.8021    | 0.6992    | 
797     | 0.8022    | 0.6992    | 
798     | 0.8024    | 0.6994    | 
799     | 0.8022    | 0.6995    | 
800     | 0.8024    | 0.6989    | 
801     | 0.8022    | 0.6988    | 
802     | 0.8022    | 0.6996    | 
803     | 0.8018    | 0.6996    | 
804     | 0.8016    | 0.6992    | 
805     | 0.8021    | 0.6988    | 
806     | 0.8024    | 0.7002    | 
807     | 0.8023    | 0.7003    | 
808     | 0.8023    | 0.6998    | 
809     | 0.8023    | 0.6998    | 
810     | 0.8024    | 0.7002    | 
811     | 0.8023    | 0.7001    | 
812     | 0.8023    | 0.7002    | 
813     | 0.8028    | 0.7       | 
814     | 0.8025    | 0.6998    | 
815     | 0.8026    | 0.699     | 
816     | 0.8027    | 0.6993    | 
817     | 0.8027    | 0.6993    | 
818     | 0.8027    | 0.7004    | 
819     | 0.8027    | 0.7012    | 
820     | 0.8024    | 0.7014    | 
821     | 0.8026    | 0.7015    | 
822     | 0.8025    | 0.7015    | 
823     | 0.8023    | 0.7024    | 
824     | 0.8029    | 0.701     | 
825     | 0.8029    | 0.7009    | 
826     | 0.8036    | 0.7009    | 
827     | 0.8037    | 0.7012    | 
828     | 0.8038    | 0.7014    | 
829     | 0.8039    | 0.7029    | 
830     | 0.8042    | 0.7013    | 
831     | 0.8043    | 0.7027    | 
832     | 0.8043    | 0.7012    | 
833     | 0.8045    | 0.7025    | 
834     | 0.8045    | 0.7026    | 
835     | 0.8051    | 0.7026    | 
836     | 0.8054    | 0.7032    | 
837     | 0.8052    | 0.7032    | 
838     | 0.8052    | 0.7033    | 
839     | 0.8052    | 0.7036    | 
840     | 0.8054    | 0.7034    | 
841     | 0.8054    | 0.7027    | 
842     | 0.8054    | 0.7029    | 
843     | 0.8052    | 0.7033    | 
844     | 0.8052    | 0.7032    | 
845     | 0.8054    | 0.7035    | 
846     | 0.8054    | 0.7035    | 
847     | 0.8056    | 0.7035    | 
848     | 0.805     | 0.7039    | 
849     | 0.8051    | 0.7039    | 
850     | 0.8054    | 0.7038    | 
851     | 0.8049    | 0.7052    | 
852     | 0.8054    | 0.7051    | 
853     | 0.8054    | 0.7055    | 
854     | 0.8055    | 0.7056    | 
855     | 0.8057    | 0.7056    | 
856     | 0.8053    | 0.7053    | 
857     | 0.8051    | 0.7053    | 
858     | 0.8059    | 0.7059    | 
859     | 0.8062    | 0.7056    | 
860     | 0.8061    | 0.7056    | 
861     | 0.8062    | 0.7043    | 
862     | 0.8062    | 0.704     | 
863     | 0.8064    | 0.7039    | 
864     | 0.8061    | 0.7039    | 
865     | 0.8061    | 0.704     | 
866     | 0.8065    | 0.704     | 
867     | 0.8065    | 0.7042    | 
868     | 0.8065    | 0.7041    | 
869     | 0.8065    | 0.7042    | 
870     | 0.8066    | 0.7042    | 
871     | 0.8063    | 0.7042    | 
872     | 0.806     | 0.7042    | 
873     | 0.8062    | 0.7049    | 
874     | 0.8062    | 0.7049    | 
875     | 0.8063    | 0.7049    | 
876     | 0.8063    | 0.7049    | 
877     | 0.8064    | 0.7049    | 
878     | 0.8063    | 0.7047    | 
879     | 0.8063    | 0.7049    | 
880     | 0.8064    | 0.7052    | 
881     | 0.8068    | 0.7042    | 
882     | 0.807     | 0.7044    | 
883     | 0.8072    | 0.7043    | 
884     | 0.8072    | 0.7044    | 
885     | 0.8069    | 0.7049    | 
886     | 0.8066    | 0.7049    | 
887     | 0.8066    | 0.7049    | 
888     | 0.8066    | 0.7049    | 
889     | 0.8072    | 0.7048    | 
890     | 0.807     | 0.7048    | 
891     | 0.8071    | 0.7049    | 
892     | 0.8072    | 0.7049    | 
893     | 0.807     | 0.7048    | 
894     | 0.8073    | 0.7048    | 
895     | 0.8076    | 0.7034    | 
896     | 0.8082    | 0.7033    | 
897     | 0.8086    | 0.7041    | 
898     | 0.808     | 0.7043    | 
899     | 0.808     | 0.7027    | 
900     | 0.8082    | 0.7046    | 
901     | 0.8081    | 0.7038    | 
902     | 0.8088    | 0.704     | 
903     | 0.8087    | 0.704     | 
904     | 0.8086    | 0.704     | 
905     | 0.8082    | 0.704     | 
906     | 0.8086    | 0.7025    | 
907     | 0.8086    | 0.7029    | 
908     | 0.8085    | 0.7028    | 
909     | 0.8086    | 0.7029    | 
910     | 0.8087    | 0.7029    | 
911     | 0.8087    | 0.7044    | 
912     | 0.8088    | 0.7044    | 
913     | 0.8087    | 0.7044    | 
914     | 0.8085    | 0.7049    | 
915     | 0.8084    | 0.7049    | 
916     | 0.8089    | 0.7049    | 
917     | 0.8089    | 0.7062    | 
918     | 0.8087    | 0.7055    | 
919     | 0.8092    | 0.7055    | 
920     | 0.8092    | 0.7055    | 
921     | 0.8096    | 0.7045    | 
922     | 0.8099    | 0.7047    | 
923     | 0.81      | 0.7047    | 
924     | 0.8096    | 0.7051    | 
925     | 0.8097    | 0.705     | 
926     | 0.81      | 0.705     | 
927     | 0.8104    | 0.7044    | 
928     | 0.8104    | 0.7044    | 
929     | 0.8104    | 0.7043    | 
930     | 0.8104    | 0.7046    | 
931     | 0.8104    | 0.705     | 
932     | 0.8105    | 0.705     | 
933     | 0.8103    | 0.7048    | 
934     | 0.8105    | 0.7048    | 
935     | 0.8104    | 0.7048    | 
936     | 0.8105    | 0.7035    | 
937     | 0.8104    | 0.7035    | 
938     | 0.8104    | 0.703     | 
939     | 0.8102    | 0.7032    | 
940     | 0.811     | 0.7029    | 
941     | 0.8109    | 0.7029    | 
942     | 0.8112    | 0.7032    | 
943     | 0.811     | 0.7031    | 
944     | 0.811     | 0.7029    | 
945     | 0.811     | 0.703     | 
946     | 0.8111    | 0.7043    | 
947     | 0.8108    | 0.7044    | 
948     | 0.8111    | 0.7033    | 
949     | 0.8109    | 0.7028    | 
950     | 0.8113    | 0.7034    | 
951     | 0.8114    | 0.7033    | 
952     | 0.8113    | 0.7033    | 
953     | 0.8119    | 0.7033    | 
954     | 0.8119    | 0.7038    | 
955     | 0.8121    | 0.7036    | 
956     | 0.812     | 0.7037    | 
957     | 0.8121    | 0.7036    | 
958     | 0.8122    | 0.7036    | 
959     | 0.8122    | 0.7037    | 
960     | 0.8122    | 0.7029    | 
961     | 0.8122    | 0.703     | 
962     | 0.8122    | 0.703     | 
963     | 0.8129    | 0.703     | 
964     | 0.8128    | 0.7029    | 
965     | 0.8138    | 0.7031    | 
966     | 0.8136    | 0.7024    | 
967     | 0.8142    | 0.7038    | 
968     | 0.8139    | 0.704     | 
969     | 0.8147    | 0.7048    | 
970     | 0.8146    | 0.7049    | 
971     | 0.8146    | 0.7046    | 
972     | 0.8145    | 0.7027    | 
973     | 0.8148    | 0.7049    | 
974     | 0.8143    | 0.7061    | 
975     | 0.8149    | 0.7042    | 
976     | 0.8148    | 0.7036    | 
977     | 0.8151    | 0.7042    | 
978     | 0.8153    | 0.7036    | 
979     | 0.8154    | 0.7035    | 
980     | 0.8153    | 0.7041    | 
981     | 0.8157    | 0.7035    | 
982     | 0.8158    | 0.7029    | 
983     | 0.8161    | 0.7031    | 
984     | 0.816     | 0.7031    | 
985     | 0.8157    | 0.7043    | 
986     | 0.816     | 0.7044    | 
987     | 0.8156    | 0.7051    | 
988     | 0.8164    | 0.7051    | 
989     | 0.8163    | 0.7052    | 
990     | 0.8162    | 0.7052    | 
991     | 0.8168    | 0.7041    | 
992     | 0.8177    | 0.7057    | 
993     | 0.8176    | 0.706     | 
994     | 0.8181    | 0.7065    | 
995     | 0.8178    | 0.7071    | 
996     | 0.8179    | 0.7071    | 
997     | 0.8179    | 0.7071    | 
998     | 0.818     | 0.7064    | 
999     | 0.8181    | 0.7068    | 
1000    | 0.8189    | 0.7067    | 
---------------------------------
Finished sucessfully.
NDCG@10 on training data: 0.8178
NDCG@10 on validation data: 0.7071
---------------------------------
NDCG@10 on test data: 0.7397

Model saved to: ../model/experiment/model_pos.txt
