java -jar RankLib-2.14.jar -train ../data/experiment/ans_train.txt -test ../data/experiment/ans_test.txt -validate ../data/experiment/ans_validate.txt -ranker 6 -metric2t NDCG@10 -metric2T NDCG@10 -save ../model/experiment/model_ans.txt

Discard orig. features
Training data:	../data/experiment/ans_train.txt
Test data:	../data/experiment/ans_test.txt
Validation data:	../data/experiment/ans_validate.txt
Feature vector representation: Dense.
Ranking method:	LambdaMART
Feature description file:	Unspecified. All features will be used.
Train metric:	NDCG@10
Test metric:	NDCG@10
Feature normalization: No
Model file: ../model/experiment/model_ans.txt

[+] LambdaMART's Parameters:
No. of trees: 1000
No. of leaves: 10
No. of threshold candidates: 256
Min leaf support: 1
Learning rate: 0.1
Stop early: 100 rounds without performance gain on validation data

Reading feature file [../data/experiment/ans_train.txt]... [Done.]            
(152 ranked lists, 7600 entries read)
Reading feature file [../data/experiment/ans_validate.txt]... [Done.]            
(75 ranked lists, 3750 entries read)
Reading feature file [../data/experiment/ans_test.txt]... [Done.]            
(77 ranked lists, 3850 entries read)
Initializing... [Done]
---------------------------------
Training starts...
---------------------------------
#iter   | NDCG@10-T | NDCG@10-V | 
---------------------------------
1       | 0.8445    | 0.812     | 
2       | 0.8877    | 0.8628    | 
3       | 0.8991    | 0.8751    | 
4       | 0.8997    | 0.8752    | 
5       | 0.8997    | 0.8752    | 
6       | 0.8998    | 0.8754    | 
7       | 0.9       | 0.8754    | 
8       | 0.9       | 0.8754    | 
9       | 0.8998    | 0.8754    | 
10      | 0.9083    | 0.8798    | 
11      | 0.9083    | 0.8798    | 
12      | 0.9085    | 0.88      | 
13      | 0.9086    | 0.88      | 
14      | 0.9133    | 0.8925    | 
15      | 0.9156    | 0.8951    | 
16      | 0.9162    | 0.8954    | 
17      | 0.9178    | 0.8983    | 
18      | 0.9187    | 0.8997    | 
19      | 0.919     | 0.8999    | 
20      | 0.9255    | 0.9037    | 
21      | 0.9263    | 0.9046    | 
22      | 0.928     | 0.9075    | 
23      | 0.9298    | 0.9083    | 
24      | 0.9304    | 0.9088    | 
25      | 0.9308    | 0.909     | 
26      | 0.9312    | 0.909     | 
27      | 0.9317    | 0.9091    | 
28      | 0.9324    | 0.9098    | 
29      | 0.9325    | 0.9101    | 
30      | 0.9327    | 0.9106    | 
31      | 0.9329    | 0.911     | 
32      | 0.933     | 0.9117    | 
33      | 0.9334    | 0.9113    | 
34      | 0.9343    | 0.9113    | 
35      | 0.9345    | 0.9117    | 
36      | 0.9345    | 0.9117    | 
37      | 0.9345    | 0.9117    | 
38      | 0.9347    | 0.9117    | 
39      | 0.9347    | 0.9117    | 
40      | 0.9347    | 0.9117    | 
41      | 0.9348    | 0.9117    | 
42      | 0.935     | 0.9117    | 
43      | 0.935     | 0.9117    | 
44      | 0.935     | 0.9117    | 
45      | 0.9352    | 0.9126    | 
46      | 0.9357    | 0.9128    | 
47      | 0.9363    | 0.9128    | 
48      | 0.9363    | 0.9129    | 
49      | 0.9363    | 0.9132    | 
50      | 0.936     | 0.9132    | 
51      | 0.9366    | 0.9132    | 
52      | 0.9366    | 0.9125    | 
53      | 0.9366    | 0.9125    | 
54      | 0.9371    | 0.9115    | 
55      | 0.9369    | 0.9115    | 
56      | 0.9371    | 0.9119    | 
57      | 0.9372    | 0.9125    | 
58      | 0.9371    | 0.9121    | 
59      | 0.9375    | 0.912     | 
60      | 0.9372    | 0.9115    | 
61      | 0.9372    | 0.9115    | 
62      | 0.9375    | 0.912     | 
63      | 0.9373    | 0.912     | 
64      | 0.9378    | 0.912     | 
65      | 0.9378    | 0.912     | 
66      | 0.9379    | 0.9123    | 
67      | 0.9381    | 0.9122    | 
68      | 0.9376    | 0.9121    | 
69      | 0.9394    | 0.9121    | 
70      | 0.9392    | 0.9121    | 
71      | 0.94      | 0.9129    | 
72      | 0.94      | 0.9129    | 
73      | 0.9403    | 0.9129    | 
74      | 0.9403    | 0.9129    | 
75      | 0.94      | 0.9123    | 
76      | 0.9403    | 0.9121    | 
77      | 0.9405    | 0.9122    | 
78      | 0.9408    | 0.9122    | 
79      | 0.9415    | 0.9122    | 
80      | 0.9413    | 0.9122    | 
81      | 0.9409    | 0.9123    | 
82      | 0.9411    | 0.9123    | 
83      | 0.9414    | 0.9125    | 
84      | 0.9418    | 0.9139    | 
85      | 0.942     | 0.9131    | 
86      | 0.9418    | 0.9131    | 
87      | 0.9418    | 0.9136    | 
88      | 0.9421    | 0.9137    | 
89      | 0.9421    | 0.9137    | 
90      | 0.9423    | 0.9137    | 
91      | 0.9419    | 0.9132    | 
92      | 0.9419    | 0.9136    | 
93      | 0.9419    | 0.9136    | 
94      | 0.9424    | 0.9136    | 
95      | 0.9423    | 0.9142    | 
96      | 0.9426    | 0.914     | 
97      | 0.9424    | 0.9141    | 
98      | 0.9423    | 0.9141    | 
99      | 0.9424    | 0.9141    | 
100     | 0.9424    | 0.9141    | 
101     | 0.9424    | 0.9141    | 
102     | 0.9424    | 0.9141    | 
103     | 0.9424    | 0.914     | 
104     | 0.9424    | 0.9141    | 
105     | 0.9427    | 0.9159    | 
106     | 0.9429    | 0.9142    | 
107     | 0.9429    | 0.9142    | 
108     | 0.9427    | 0.9142    | 
109     | 0.9429    | 0.9147    | 
110     | 0.9429    | 0.9147    | 
111     | 0.9427    | 0.9147    | 
112     | 0.9429    | 0.9147    | 
113     | 0.9427    | 0.9164    | 
114     | 0.9429    | 0.9167    | 
115     | 0.9429    | 0.9167    | 
116     | 0.943     | 0.9167    | 
117     | 0.9428    | 0.9167    | 
118     | 0.943     | 0.9166    | 
119     | 0.943     | 0.9165    | 
120     | 0.9431    | 0.9165    | 
121     | 0.9431    | 0.9166    | 
122     | 0.9435    | 0.9172    | 
123     | 0.9435    | 0.9172    | 
124     | 0.9438    | 0.9172    | 
125     | 0.9438    | 0.9176    | 
126     | 0.944     | 0.9176    | 
127     | 0.9438    | 0.9176    | 
128     | 0.9438    | 0.9176    | 
129     | 0.9438    | 0.9177    | 
130     | 0.944     | 0.9177    | 
131     | 0.9436    | 0.9181    | 
132     | 0.9441    | 0.9182    | 
133     | 0.9436    | 0.9181    | 
134     | 0.9439    | 0.9186    | 
135     | 0.9442    | 0.9187    | 
136     | 0.9444    | 0.9187    | 
137     | 0.9444    | 0.9187    | 
138     | 0.9444    | 0.9187    | 
139     | 0.9441    | 0.9187    | 
140     | 0.9446    | 0.9187    | 
141     | 0.9443    | 0.9187    | 
142     | 0.9443    | 0.9187    | 
143     | 0.9443    | 0.9187    | 
144     | 0.9443    | 0.9187    | 
145     | 0.9443    | 0.9187    | 
146     | 0.9441    | 0.9182    | 
147     | 0.9435    | 0.9182    | 
148     | 0.9442    | 0.9177    | 
149     | 0.9443    | 0.9177    | 
150     | 0.9444    | 0.9178    | 
151     | 0.9444    | 0.9177    | 
152     | 0.9446    | 0.9183    | 
153     | 0.9443    | 0.9183    | 
154     | 0.9443    | 0.9183    | 
155     | 0.9441    | 0.9177    | 
156     | 0.9443    | 0.9182    | 
157     | 0.9439    | 0.9182    | 
158     | 0.9439    | 0.9182    | 
159     | 0.9439    | 0.9182    | 
160     | 0.9441    | 0.9188    | 
161     | 0.9441    | 0.9187    | 
162     | 0.9441    | 0.9187    | 
163     | 0.9441    | 0.9187    | 
164     | 0.9442    | 0.9187    | 
165     | 0.9444    | 0.9192    | 
166     | 0.9444    | 0.9192    | 
167     | 0.9444    | 0.9193    | 
168     | 0.9444    | 0.9193    | 
169     | 0.9444    | 0.9193    | 
170     | 0.9444    | 0.9193    | 
171     | 0.9444    | 0.9193    | 
172     | 0.9444    | 0.9193    | 
173     | 0.9444    | 0.9193    | 
174     | 0.9444    | 0.9193    | 
175     | 0.9442    | 0.9193    | 
176     | 0.9442    | 0.9193    | 
177     | 0.9444    | 0.9193    | 
178     | 0.9448    | 0.9193    | 
179     | 0.9444    | 0.9193    | 
180     | 0.9444    | 0.9193    | 
181     | 0.9444    | 0.9197    | 
182     | 0.9444    | 0.9193    | 
183     | 0.9444    | 0.9197    | 
184     | 0.9444    | 0.9197    | 
185     | 0.9444    | 0.9197    | 
186     | 0.9443    | 0.9197    | 
187     | 0.9443    | 0.9197    | 
188     | 0.9443    | 0.9197    | 
189     | 0.9444    | 0.9197    | 
190     | 0.9441    | 0.9197    | 
191     | 0.9441    | 0.9197    | 
192     | 0.9441    | 0.9197    | 
193     | 0.9444    | 0.9197    | 
194     | 0.9441    | 0.9197    | 
195     | 0.9441    | 0.9197    | 
196     | 0.9441    | 0.918     | 
197     | 0.9441    | 0.918     | 
198     | 0.9441    | 0.9175    | 
199     | 0.9441    | 0.9175    | 
200     | 0.9439    | 0.9175    | 
201     | 0.9439    | 0.9175    | 
202     | 0.9441    | 0.9175    | 
203     | 0.9444    | 0.918     | 
204     | 0.9444    | 0.918     | 
205     | 0.9441    | 0.9175    | 
206     | 0.9441    | 0.9175    | 
207     | 0.9441    | 0.9175    | 
208     | 0.9441    | 0.9175    | 
209     | 0.9441    | 0.9175    | 
210     | 0.9441    | 0.9175    | 
211     | 0.9441    | 0.9175    | 
212     | 0.9441    | 0.9175    | 
213     | 0.9443    | 0.9175    | 
214     | 0.9446    | 0.918     | 
215     | 0.9446    | 0.918     | 
216     | 0.9449    | 0.918     | 
217     | 0.9451    | 0.9197    | 
218     | 0.9448    | 0.9192    | 
219     | 0.9448    | 0.9192    | 
220     | 0.9448    | 0.9192    | 
221     | 0.9448    | 0.9191    | 
222     | 0.9448    | 0.9191    | 
223     | 0.9449    | 0.9192    | 
224     | 0.9449    | 0.9191    | 
225     | 0.9449    | 0.9191    | 
226     | 0.9449    | 0.9191    | 
227     | 0.9449    | 0.9191    | 
228     | 0.9449    | 0.9191    | 
229     | 0.9449    | 0.9191    | 
230     | 0.9449    | 0.9191    | 
231     | 0.9449    | 0.9191    | 
232     | 0.9451    | 0.9196    | 
233     | 0.9451    | 0.9196    | 
234     | 0.9451    | 0.9196    | 
235     | 0.9451    | 0.9196    | 
236     | 0.9451    | 0.9196    | 
237     | 0.9451    | 0.9196    | 
238     | 0.9451    | 0.9196    | 
239     | 0.9451    | 0.9196    | 
240     | 0.9451    | 0.9196    | 
241     | 0.9452    | 0.9196    | 
242     | 0.9451    | 0.9191    | 
243     | 0.9451    | 0.9191    | 
244     | 0.9451    | 0.9196    | 
245     | 0.9451    | 0.9196    | 
246     | 0.9452    | 0.9196    | 
247     | 0.9451    | 0.9196    | 
248     | 0.9452    | 0.9179    | 
249     | 0.9451    | 0.9179    | 
250     | 0.9451    | 0.9179    | 
251     | 0.9452    | 0.9179    | 
252     | 0.9452    | 0.9179    | 
253     | 0.9452    | 0.9179    | 
254     | 0.9452    | 0.9179    | 
255     | 0.9452    | 0.9179    | 
256     | 0.9452    | 0.9179    | 
257     | 0.9452    | 0.9179    | 
258     | 0.9452    | 0.9179    | 
259     | 0.9452    | 0.9179    | 
260     | 0.9452    | 0.9179    | 
261     | 0.9452    | 0.9174    | 
262     | 0.9452    | 0.9174    | 
263     | 0.9452    | 0.9174    | 
264     | 0.9452    | 0.9174    | 
265     | 0.9452    | 0.9174    | 
266     | 0.9452    | 0.9174    | 
267     | 0.9452    | 0.9174    | 
268     | 0.9452    | 0.9174    | 
269     | 0.9452    | 0.9174    | 
270     | 0.9452    | 0.9175    | 
271     | 0.9453    | 0.9175    | 
272     | 0.9453    | 0.9175    | 
273     | 0.9453    | 0.9175    | 
274     | 0.945     | 0.918     | 
275     | 0.9453    | 0.9175    | 
276     | 0.9452    | 0.9175    | 
277     | 0.9453    | 0.9175    | 
278     | 0.9453    | 0.9175    | 
279     | 0.9453    | 0.9175    | 
280     | 0.9453    | 0.9175    | 
281     | 0.9455    | 0.9175    | 
282     | 0.9452    | 0.9179    | 
---------------------------------
Finished sucessfully.
NDCG@10 on training data: 0.9444
NDCG@10 on validation data: 0.9197
---------------------------------
NDCG@10 on test data: 0.962

Model saved to: ../model/experiment/model_ans.txt
