java -jar RankLib-2.14.jar -train ../data/experiment/before_train.txt -test ../data/experiment/before_test.txt -validate ../data/experiment/before_validate.txt -ranker 6 -metric2t NDCG@10 -metric2T NDCG@10 -save ../model/experiment/model_before.txt

Discard orig. features
Training data:	../data/experiment/before_train.txt
Test data:	../data/experiment/before_test.txt
Validation data:	../data/experiment/before_validate.txt
Feature vector representation: Dense.
Ranking method:	LambdaMART
Feature description file:	Unspecified. All features will be used.
Train metric:	NDCG@10
Test metric:	NDCG@10
Feature normalization: No
Model file: ../model/experiment/model_before.txt

[+] LambdaMART's Parameters:
No. of trees: 1000
No. of leaves: 10
No. of threshold candidates: 256
Min leaf support: 1
Learning rate: 0.1
Stop early: 100 rounds without performance gain on validation data

Reading feature file [../data/experiment/before_train.txt]... [Done.]            
(152 ranked lists, 7600 entries read)
Reading feature file [../data/experiment/before_validate.txt]... [Done.]            
(75 ranked lists, 3750 entries read)
Reading feature file [../data/experiment/before_test.txt]... [Done.]            
(77 ranked lists, 3850 entries read)
Initializing... [Done]
---------------------------------
Training starts...
---------------------------------
#iter   | NDCG@10-T | NDCG@10-V | 
---------------------------------
1       | 0.5246    | 0.5187    | 
2       | 0.5248    | 0.5244    | 
3       | 0.5251    | 0.5253    | 
4       | 0.5252    | 0.5253    | 
5       | 0.5308    | 0.5304    | 
6       | 0.5373    | 0.5377    | 
7       | 0.5411    | 0.5395    | 
8       | 0.5475    | 0.5391    | 
9       | 0.556     | 0.5408    | 
10      | 0.56      | 0.5442    | 
11      | 0.5619    | 0.546     | 
12      | 0.5648    | 0.547     | 
13      | 0.5663    | 0.5479    | 
14      | 0.5663    | 0.5478    | 
15      | 0.5662    | 0.5503    | 
16      | 0.5679    | 0.547     | 
17      | 0.5703    | 0.5458    | 
18      | 0.5715    | 0.5525    | 
19      | 0.5732    | 0.5516    | 
20      | 0.574     | 0.5529    | 
21      | 0.5723    | 0.5527    | 
22      | 0.5723    | 0.5504    | 
23      | 0.5757    | 0.5513    | 
24      | 0.5786    | 0.5552    | 
25      | 0.5788    | 0.56      | 
26      | 0.5788    | 0.5598    | 
27      | 0.5819    | 0.5589    | 
28      | 0.5824    | 0.5607    | 
29      | 0.5844    | 0.5618    | 
30      | 0.5874    | 0.5626    | 
31      | 0.5886    | 0.5603    | 
32      | 0.5893    | 0.5602    | 
33      | 0.5911    | 0.5579    | 
34      | 0.5936    | 0.5611    | 
35      | 0.5946    | 0.5612    | 
36      | 0.5932    | 0.5617    | 
37      | 0.5948    | 0.5662    | 
38      | 0.5942    | 0.5673    | 
39      | 0.5965    | 0.5694    | 
40      | 0.5962    | 0.5686    | 
41      | 0.5993    | 0.5687    | 
42      | 0.6002    | 0.5695    | 
43      | 0.6003    | 0.5672    | 
44      | 0.6017    | 0.5673    | 
45      | 0.6015    | 0.5673    | 
46      | 0.6047    | 0.5695    | 
47      | 0.6064    | 0.5704    | 
48      | 0.6067    | 0.5706    | 
49      | 0.6088    | 0.5716    | 
50      | 0.6087    | 0.5708    | 
51      | 0.6103    | 0.573     | 
52      | 0.6108    | 0.5716    | 
53      | 0.6126    | 0.574     | 
54      | 0.6132    | 0.5723    | 
55      | 0.6142    | 0.57      | 
56      | 0.6151    | 0.5726    | 
57      | 0.6149    | 0.5733    | 
58      | 0.6191    | 0.5753    | 
59      | 0.6205    | 0.5746    | 
60      | 0.6222    | 0.5752    | 
61      | 0.6219    | 0.5746    | 
62      | 0.622     | 0.5771    | 
63      | 0.6203    | 0.5762    | 
64      | 0.621     | 0.5757    | 
65      | 0.622     | 0.5785    | 
66      | 0.6236    | 0.5767    | 
67      | 0.6245    | 0.5776    | 
68      | 0.6262    | 0.5779    | 
69      | 0.6263    | 0.5787    | 
70      | 0.6245    | 0.5778    | 
71      | 0.6249    | 0.5778    | 
72      | 0.6245    | 0.5772    | 
73      | 0.6244    | 0.5765    | 
74      | 0.6255    | 0.5779    | 
75      | 0.6268    | 0.579     | 
76      | 0.6264    | 0.5789    | 
77      | 0.6272    | 0.578     | 
78      | 0.6275    | 0.5777    | 
79      | 0.6308    | 0.5795    | 
80      | 0.6299    | 0.5799    | 
81      | 0.6284    | 0.581     | 
82      | 0.6292    | 0.582     | 
83      | 0.6299    | 0.5819    | 
84      | 0.629     | 0.5825    | 
85      | 0.6302    | 0.5822    | 
86      | 0.6298    | 0.5835    | 
87      | 0.6297    | 0.5836    | 
88      | 0.6304    | 0.5839    | 
89      | 0.6307    | 0.5836    | 
90      | 0.6301    | 0.584     | 
91      | 0.6307    | 0.585     | 
92      | 0.6315    | 0.5847    | 
93      | 0.6319    | 0.5848    | 
94      | 0.6329    | 0.5872    | 
95      | 0.6332    | 0.5879    | 
96      | 0.6326    | 0.587     | 
97      | 0.6322    | 0.5854    | 
98      | 0.6337    | 0.5847    | 
99      | 0.6331    | 0.5852    | 
100     | 0.6342    | 0.5862    | 
101     | 0.6347    | 0.5874    | 
102     | 0.6362    | 0.5873    | 
103     | 0.6368    | 0.5861    | 
104     | 0.6382    | 0.5879    | 
105     | 0.6378    | 0.5889    | 
106     | 0.6398    | 0.5891    | 
107     | 0.6393    | 0.589     | 
108     | 0.6392    | 0.5892    | 
109     | 0.6409    | 0.5894    | 
110     | 0.642     | 0.5886    | 
111     | 0.6444    | 0.5894    | 
112     | 0.6455    | 0.5901    | 
113     | 0.6448    | 0.5892    | 
114     | 0.6452    | 0.5893    | 
115     | 0.6468    | 0.589     | 
116     | 0.647     | 0.589     | 
117     | 0.6478    | 0.5898    | 
118     | 0.6471    | 0.5898    | 
119     | 0.6459    | 0.5888    | 
120     | 0.6465    | 0.5892    | 
121     | 0.6464    | 0.5895    | 
122     | 0.6456    | 0.5884    | 
123     | 0.6457    | 0.5883    | 
124     | 0.6467    | 0.5879    | 
125     | 0.6467    | 0.5883    | 
126     | 0.6465    | 0.5882    | 
127     | 0.646     | 0.5879    | 
128     | 0.6472    | 0.5879    | 
129     | 0.6479    | 0.5878    | 
130     | 0.6481    | 0.5891    | 
131     | 0.6486    | 0.5909    | 
132     | 0.6493    | 0.5919    | 
133     | 0.6494    | 0.592     | 
134     | 0.6493    | 0.5911    | 
135     | 0.6524    | 0.5914    | 
136     | 0.6516    | 0.5925    | 
137     | 0.6516    | 0.5925    | 
138     | 0.6522    | 0.5931    | 
139     | 0.6519    | 0.593     | 
140     | 0.6526    | 0.5939    | 
141     | 0.6526    | 0.5926    | 
142     | 0.6535    | 0.5933    | 
143     | 0.6527    | 0.5935    | 
144     | 0.6547    | 0.594     | 
145     | 0.6527    | 0.5944    | 
146     | 0.6532    | 0.5933    | 
147     | 0.6533    | 0.5925    | 
148     | 0.6538    | 0.5945    | 
149     | 0.6522    | 0.5944    | 
150     | 0.654     | 0.597     | 
151     | 0.6542    | 0.5965    | 
152     | 0.655     | 0.5974    | 
153     | 0.6545    | 0.5974    | 
154     | 0.655     | 0.5972    | 
155     | 0.6554    | 0.5971    | 
156     | 0.656     | 0.5951    | 
157     | 0.656     | 0.5957    | 
158     | 0.6554    | 0.5975    | 
159     | 0.6562    | 0.5979    | 
160     | 0.6561    | 0.5976    | 
161     | 0.6567    | 0.5992    | 
162     | 0.6589    | 0.6002    | 
163     | 0.6586    | 0.6002    | 
164     | 0.6588    | 0.5986    | 
165     | 0.6588    | 0.5994    | 
166     | 0.659     | 0.5991    | 
167     | 0.6579    | 0.6018    | 
168     | 0.6583    | 0.6021    | 
169     | 0.6586    | 0.6015    | 
170     | 0.6576    | 0.6008    | 
171     | 0.658     | 0.5999    | 
172     | 0.6598    | 0.6015    | 
173     | 0.6594    | 0.6002    | 
174     | 0.6604    | 0.5994    | 
175     | 0.6605    | 0.5994    | 
176     | 0.6615    | 0.6012    | 
177     | 0.6619    | 0.6001    | 
178     | 0.6612    | 0.6008    | 
179     | 0.6624    | 0.6008    | 
180     | 0.6632    | 0.6003    | 
181     | 0.6617    | 0.6013    | 
182     | 0.6625    | 0.6014    | 
183     | 0.6627    | 0.6023    | 
184     | 0.6637    | 0.6028    | 
185     | 0.664     | 0.602     | 
186     | 0.662     | 0.6019    | 
187     | 0.6618    | 0.6011    | 
188     | 0.6626    | 0.6016    | 
189     | 0.6642    | 0.6017    | 
190     | 0.6633    | 0.6007    | 
191     | 0.663     | 0.6014    | 
192     | 0.6636    | 0.6014    | 
193     | 0.6644    | 0.6013    | 
194     | 0.6635    | 0.6016    | 
195     | 0.6633    | 0.6033    | 
196     | 0.6631    | 0.6025    | 
197     | 0.6622    | 0.6028    | 
198     | 0.6627    | 0.6028    | 
199     | 0.6634    | 0.603     | 
200     | 0.6633    | 0.6021    | 
201     | 0.6647    | 0.6024    | 
202     | 0.6652    | 0.6019    | 
203     | 0.6646    | 0.6032    | 
204     | 0.6633    | 0.6021    | 
205     | 0.6648    | 0.6013    | 
206     | 0.6648    | 0.602     | 
207     | 0.6646    | 0.6019    | 
208     | 0.6644    | 0.6038    | 
209     | 0.6655    | 0.6038    | 
210     | 0.6643    | 0.6035    | 
211     | 0.6656    | 0.6047    | 
212     | 0.6664    | 0.6049    | 
213     | 0.6663    | 0.604     | 
214     | 0.6667    | 0.6025    | 
215     | 0.6658    | 0.6041    | 
216     | 0.6661    | 0.6052    | 
217     | 0.6661    | 0.6046    | 
218     | 0.666     | 0.6049    | 
219     | 0.6661    | 0.6039    | 
220     | 0.6673    | 0.6037    | 
221     | 0.667     | 0.6037    | 
222     | 0.6673    | 0.6035    | 
223     | 0.6678    | 0.6038    | 
224     | 0.6675    | 0.6036    | 
225     | 0.667     | 0.6043    | 
226     | 0.667     | 0.6038    | 
227     | 0.6686    | 0.6038    | 
228     | 0.6693    | 0.6026    | 
229     | 0.6696    | 0.6034    | 
230     | 0.669     | 0.602     | 
231     | 0.6702    | 0.6029    | 
232     | 0.6709    | 0.6035    | 
233     | 0.6712    | 0.605     | 
234     | 0.6711    | 0.6049    | 
235     | 0.671     | 0.605     | 
236     | 0.6716    | 0.6062    | 
237     | 0.6716    | 0.605     | 
238     | 0.6728    | 0.6038    | 
239     | 0.6725    | 0.6035    | 
240     | 0.6724    | 0.6027    | 
241     | 0.6735    | 0.6024    | 
242     | 0.6737    | 0.6045    | 
243     | 0.6752    | 0.6039    | 
244     | 0.6751    | 0.6041    | 
245     | 0.6751    | 0.6047    | 
246     | 0.674     | 0.6046    | 
247     | 0.6743    | 0.6056    | 
248     | 0.6752    | 0.6056    | 
249     | 0.675     | 0.6063    | 
250     | 0.6752    | 0.6047    | 
251     | 0.675     | 0.6055    | 
252     | 0.6755    | 0.6055    | 
253     | 0.6761    | 0.6067    | 
254     | 0.6758    | 0.6061    | 
255     | 0.6756    | 0.6057    | 
256     | 0.6751    | 0.6064    | 
257     | 0.6761    | 0.6057    | 
258     | 0.6769    | 0.6065    | 
259     | 0.6772    | 0.6073    | 
260     | 0.6772    | 0.6078    | 
261     | 0.6766    | 0.6095    | 
262     | 0.6766    | 0.6089    | 
263     | 0.6775    | 0.6099    | 
264     | 0.678     | 0.6095    | 
265     | 0.6781    | 0.6081    | 
266     | 0.6778    | 0.6083    | 
267     | 0.6784    | 0.6114    | 
268     | 0.6783    | 0.611     | 
269     | 0.6786    | 0.6112    | 
270     | 0.679     | 0.6103    | 
271     | 0.6793    | 0.612     | 
272     | 0.678     | 0.6123    | 
273     | 0.678     | 0.612     | 
274     | 0.678     | 0.6116    | 
275     | 0.6783    | 0.6116    | 
276     | 0.6788    | 0.6116    | 
277     | 0.6788    | 0.613     | 
278     | 0.679     | 0.6125    | 
279     | 0.6787    | 0.6129    | 
280     | 0.6791    | 0.6119    | 
281     | 0.6795    | 0.6118    | 
282     | 0.68      | 0.6123    | 
283     | 0.6804    | 0.6134    | 
284     | 0.6802    | 0.6137    | 
285     | 0.6808    | 0.6128    | 
286     | 0.6816    | 0.6125    | 
287     | 0.6814    | 0.6121    | 
288     | 0.6815    | 0.611     | 
289     | 0.6811    | 0.6095    | 
290     | 0.6826    | 0.6082    | 
291     | 0.6826    | 0.6108    | 
292     | 0.683     | 0.6109    | 
293     | 0.6836    | 0.6098    | 
294     | 0.6832    | 0.6098    | 
295     | 0.6833    | 0.6098    | 
296     | 0.6833    | 0.6104    | 
297     | 0.6839    | 0.6101    | 
298     | 0.684     | 0.6103    | 
299     | 0.6838    | 0.6098    | 
300     | 0.6838    | 0.6098    | 
301     | 0.6835    | 0.6103    | 
302     | 0.6833    | 0.6115    | 
303     | 0.6835    | 0.6102    | 
304     | 0.6832    | 0.611     | 
305     | 0.6844    | 0.6122    | 
306     | 0.6846    | 0.6132    | 
307     | 0.6843    | 0.6126    | 
308     | 0.684     | 0.6138    | 
309     | 0.684     | 0.6145    | 
310     | 0.6838    | 0.6144    | 
311     | 0.6839    | 0.6145    | 
312     | 0.6841    | 0.6123    | 
313     | 0.6851    | 0.612     | 
314     | 0.6852    | 0.612     | 
315     | 0.6851    | 0.612     | 
316     | 0.685     | 0.6138    | 
317     | 0.6853    | 0.6131    | 
318     | 0.6861    | 0.6144    | 
319     | 0.6859    | 0.6145    | 
320     | 0.686     | 0.6145    | 
321     | 0.6862    | 0.615     | 
322     | 0.6863    | 0.6151    | 
323     | 0.6865    | 0.6145    | 
324     | 0.6865    | 0.6145    | 
325     | 0.6866    | 0.6139    | 
326     | 0.6866    | 0.6142    | 
327     | 0.6869    | 0.6155    | 
328     | 0.6868    | 0.6155    | 
329     | 0.6869    | 0.6163    | 
330     | 0.6869    | 0.6165    | 
331     | 0.6873    | 0.6166    | 
332     | 0.6874    | 0.6175    | 
333     | 0.6873    | 0.6176    | 
334     | 0.6875    | 0.6169    | 
335     | 0.6873    | 0.6171    | 
336     | 0.6873    | 0.6165    | 
337     | 0.6873    | 0.6164    | 
338     | 0.6868    | 0.6151    | 
339     | 0.6875    | 0.6145    | 
340     | 0.6877    | 0.6144    | 
341     | 0.6883    | 0.6156    | 
342     | 0.6881    | 0.6159    | 
343     | 0.6877    | 0.6156    | 
344     | 0.6876    | 0.6155    | 
345     | 0.6873    | 0.6149    | 
346     | 0.6878    | 0.6151    | 
347     | 0.6881    | 0.6154    | 
348     | 0.6881    | 0.6155    | 
349     | 0.688     | 0.6155    | 
350     | 0.6884    | 0.6158    | 
351     | 0.6888    | 0.6158    | 
352     | 0.6888    | 0.6159    | 
353     | 0.6881    | 0.616     | 
354     | 0.6887    | 0.6157    | 
355     | 0.6882    | 0.6158    | 
356     | 0.6883    | 0.6153    | 
357     | 0.6887    | 0.616     | 
358     | 0.6888    | 0.6156    | 
359     | 0.6878    | 0.615     | 
360     | 0.6884    | 0.6148    | 
361     | 0.6885    | 0.6151    | 
362     | 0.6886    | 0.6161    | 
363     | 0.6888    | 0.6154    | 
364     | 0.6883    | 0.6154    | 
365     | 0.6891    | 0.6163    | 
366     | 0.6889    | 0.6165    | 
367     | 0.6893    | 0.6168    | 
368     | 0.689     | 0.6173    | 
369     | 0.6894    | 0.6175    | 
370     | 0.6903    | 0.6161    | 
371     | 0.6898    | 0.6155    | 
372     | 0.6911    | 0.6162    | 
373     | 0.6906    | 0.6164    | 
374     | 0.6907    | 0.6175    | 
375     | 0.6908    | 0.6161    | 
376     | 0.6908    | 0.6154    | 
377     | 0.6904    | 0.6158    | 
378     | 0.6904    | 0.6158    | 
379     | 0.6913    | 0.6168    | 
380     | 0.6909    | 0.6168    | 
381     | 0.691     | 0.6166    | 
382     | 0.6911    | 0.6172    | 
383     | 0.6913    | 0.6176    | 
384     | 0.6913    | 0.6171    | 
385     | 0.6912    | 0.617     | 
386     | 0.691     | 0.6167    | 
387     | 0.6914    | 0.6169    | 
388     | 0.6913    | 0.6163    | 
389     | 0.6915    | 0.616     | 
390     | 0.6906    | 0.6164    | 
391     | 0.6907    | 0.6166    | 
392     | 0.6905    | 0.6163    | 
393     | 0.6908    | 0.6164    | 
394     | 0.6904    | 0.6156    | 
395     | 0.6916    | 0.6179    | 
396     | 0.6913    | 0.6181    | 
397     | 0.6912    | 0.6177    | 
398     | 0.6917    | 0.6163    | 
399     | 0.692     | 0.6154    | 
400     | 0.6914    | 0.6151    | 
401     | 0.6916    | 0.615     | 
402     | 0.6915    | 0.6138    | 
403     | 0.6915    | 0.6164    | 
404     | 0.6913    | 0.6167    | 
405     | 0.6913    | 0.6169    | 
406     | 0.6908    | 0.6156    | 
407     | 0.6914    | 0.6171    | 
408     | 0.6918    | 0.6163    | 
409     | 0.6905    | 0.6168    | 
410     | 0.6915    | 0.6148    | 
411     | 0.6917    | 0.6154    | 
412     | 0.6913    | 0.6143    | 
413     | 0.6924    | 0.6146    | 
414     | 0.6927    | 0.6152    | 
415     | 0.6926    | 0.6135    | 
416     | 0.6922    | 0.6144    | 
417     | 0.6924    | 0.6146    | 
418     | 0.6926    | 0.6147    | 
419     | 0.6925    | 0.6162    | 
420     | 0.6922    | 0.6159    | 
421     | 0.6924    | 0.6146    | 
422     | 0.6924    | 0.6148    | 
423     | 0.6927    | 0.6164    | 
424     | 0.6928    | 0.6149    | 
425     | 0.6949    | 0.6161    | 
426     | 0.6948    | 0.6186    | 
427     | 0.6954    | 0.6191    | 
428     | 0.6955    | 0.6195    | 
429     | 0.6958    | 0.6185    | 
430     | 0.6956    | 0.6174    | 
431     | 0.6957    | 0.6167    | 
432     | 0.6957    | 0.6153    | 
433     | 0.6956    | 0.6164    | 
434     | 0.6958    | 0.6164    | 
435     | 0.6952    | 0.6163    | 
436     | 0.6955    | 0.6164    | 
437     | 0.6955    | 0.619     | 
438     | 0.6955    | 0.6196    | 
439     | 0.6957    | 0.6184    | 
440     | 0.6959    | 0.6184    | 
441     | 0.6957    | 0.6173    | 
442     | 0.6956    | 0.6178    | 
443     | 0.6957    | 0.6184    | 
444     | 0.6952    | 0.6185    | 
445     | 0.6953    | 0.6176    | 
446     | 0.6951    | 0.6164    | 
447     | 0.6956    | 0.6161    | 
448     | 0.6956    | 0.6161    | 
449     | 0.6958    | 0.6169    | 
450     | 0.6956    | 0.6179    | 
451     | 0.6962    | 0.6184    | 
452     | 0.6958    | 0.6178    | 
453     | 0.6958    | 0.6171    | 
454     | 0.6972    | 0.6177    | 
455     | 0.6972    | 0.6169    | 
456     | 0.6973    | 0.6168    | 
457     | 0.6964    | 0.6146    | 
458     | 0.6963    | 0.6156    | 
459     | 0.6968    | 0.6118    | 
460     | 0.6973    | 0.6118    | 
461     | 0.6974    | 0.6123    | 
462     | 0.6971    | 0.6108    | 
463     | 0.6978    | 0.6145    | 
464     | 0.6986    | 0.6141    | 
465     | 0.6987    | 0.612     | 
466     | 0.6996    | 0.6125    | 
467     | 0.6994    | 0.6115    | 
468     | 0.6996    | 0.6124    | 
469     | 0.6996    | 0.6099    | 
470     | 0.6983    | 0.6093    | 
471     | 0.6981    | 0.6125    | 
472     | 0.6981    | 0.6123    | 
473     | 0.6982    | 0.6123    | 
474     | 0.6982    | 0.6124    | 
475     | 0.6981    | 0.6103    | 
476     | 0.698     | 0.608     | 
477     | 0.6982    | 0.6079    | 
478     | 0.6981    | 0.6082    | 
479     | 0.6987    | 0.6086    | 
480     | 0.6991    | 0.6075    | 
481     | 0.6989    | 0.6074    | 
482     | 0.6997    | 0.6069    | 
483     | 0.6993    | 0.6077    | 
484     | 0.6993    | 0.6066    | 
485     | 0.6996    | 0.6066    | 
486     | 0.6997    | 0.6075    | 
487     | 0.6997    | 0.6052    | 
488     | 0.6999    | 0.6072    | 
489     | 0.7004    | 0.6078    | 
490     | 0.6995    | 0.6071    | 
491     | 0.6996    | 0.6071    | 
492     | 0.7       | 0.6067    | 
493     | 0.7005    | 0.6063    | 
494     | 0.7005    | 0.6062    | 
495     | 0.7005    | 0.6054    | 
496     | 0.7003    | 0.6054    | 
497     | 0.6999    | 0.6054    | 
498     | 0.7       | 0.6055    | 
499     | 0.7012    | 0.6061    | 
500     | 0.701     | 0.6061    | 
501     | 0.7012    | 0.6069    | 
502     | 0.7017    | 0.6064    | 
503     | 0.7019    | 0.6071    | 
504     | 0.7015    | 0.607     | 
505     | 0.7018    | 0.6068    | 
506     | 0.7015    | 0.6075    | 
507     | 0.7017    | 0.6069    | 
508     | 0.7023    | 0.6061    | 
509     | 0.7038    | 0.6074    | 
510     | 0.7044    | 0.6079    | 
511     | 0.7039    | 0.6078    | 
512     | 0.7037    | 0.6074    | 
513     | 0.7038    | 0.6078    | 
514     | 0.704     | 0.6079    | 
515     | 0.7048    | 0.6069    | 
516     | 0.7051    | 0.6086    | 
517     | 0.7051    | 0.6085    | 
518     | 0.7051    | 0.6089    | 
519     | 0.7056    | 0.6094    | 
520     | 0.7057    | 0.6094    | 
521     | 0.7055    | 0.6095    | 
522     | 0.7055    | 0.6095    | 
523     | 0.7054    | 0.6089    | 
524     | 0.7055    | 0.6099    | 
525     | 0.7054    | 0.6095    | 
526     | 0.705     | 0.6107    | 
527     | 0.7043    | 0.6104    | 
528     | 0.7041    | 0.6087    | 
529     | 0.7039    | 0.6099    | 
530     | 0.704     | 0.6102    | 
531     | 0.7041    | 0.6095    | 
532     | 0.7045    | 0.6097    | 
533     | 0.7047    | 0.6091    | 
534     | 0.7052    | 0.6093    | 
535     | 0.7054    | 0.6092    | 
536     | 0.7057    | 0.6095    | 
537     | 0.7056    | 0.6095    | 
538     | 0.7058    | 0.6091    | 
539     | 0.7055    | 0.6102    | 
---------------------------------
Finished sucessfully.
NDCG@10 on training data: 0.6955
NDCG@10 on validation data: 0.6196
---------------------------------
NDCG@10 on test data: 0.6548

Model saved to: ../model/experiment/model_before.txt
