java -jar RankLib-2.14.jar -train ../data/experiment/ss_ans_train.txt -test ../data/experiment/ss_ans_test.txt -validate ../data/experiment/ss_ans_validate.txt -ranker 6 -metric2t NDCG@10 -metric2T NDCG@10 -save ../model/experiment/model_ss_ans.txt

Discard orig. features
Training data:	../data/experiment/ss_ans_train.txt
Test data:	../data/experiment/ss_ans_test.txt
Validation data:	../data/experiment/ss_ans_validate.txt
Feature vector representation: Dense.
Ranking method:	LambdaMART
Feature description file:	Unspecified. All features will be used.
Train metric:	NDCG@10
Test metric:	NDCG@10
Feature normalization: No
Model file: ../model/experiment/model_ss_ans.txt

[+] LambdaMART's Parameters:
No. of trees: 1000
No. of leaves: 10
No. of threshold candidates: 256
Min leaf support: 1
Learning rate: 0.1
Stop early: 100 rounds without performance gain on validation data

Reading feature file [../data/experiment/ss_ans_train.txt]... [Done.]            
(152 ranked lists, 7600 entries read)
Reading feature file [../data/experiment/ss_ans_validate.txt]... [Done.]            
(75 ranked lists, 3750 entries read)
Reading feature file [../data/experiment/ss_ans_test.txt]... [Done.]            
(77 ranked lists, 3850 entries read)
Initializing... [Done]
---------------------------------
Training starts...
---------------------------------
#iter   | NDCG@10-T | NDCG@10-V | 
---------------------------------
1       | 0.8445    | 0.812     | 
2       | 0.8877    | 0.8628    | 
3       | 0.8991    | 0.8751    | 
4       | 0.8997    | 0.8752    | 
5       | 0.8997    | 0.8752    | 
6       | 0.9       | 0.8757    | 
7       | 0.9003    | 0.8757    | 
8       | 0.9003    | 0.8757    | 
9       | 0.9086    | 0.8801    | 
10      | 0.9086    | 0.8801    | 
11      | 0.9086    | 0.8801    | 
12      | 0.9086    | 0.8801    | 
13      | 0.9088    | 0.8804    | 
14      | 0.9088    | 0.8804    | 
15      | 0.9161    | 0.8957    | 
16      | 0.9192    | 0.9007    | 
17      | 0.9198    | 0.901     | 
18      | 0.9199    | 0.901     | 
19      | 0.9199    | 0.901     | 
20      | 0.9274    | 0.9047    | 
21      | 0.9299    | 0.9073    | 
22      | 0.9302    | 0.908     | 
23      | 0.9305    | 0.9085    | 
24      | 0.9309    | 0.9085    | 
25      | 0.9314    | 0.909     | 
26      | 0.9329    | 0.9112    | 
27      | 0.933     | 0.9112    | 
28      | 0.9336    | 0.9116    | 
29      | 0.9339    | 0.9116    | 
30      | 0.9339    | 0.9117    | 
31      | 0.9341    | 0.9119    | 
32      | 0.9341    | 0.9119    | 
33      | 0.9342    | 0.9116    | 
34      | 0.9343    | 0.9118    | 
35      | 0.9358    | 0.9122    | 
36      | 0.9359    | 0.9122    | 
37      | 0.9359    | 0.9122    | 
38      | 0.9359    | 0.912     | 
39      | 0.9364    | 0.912     | 
40      | 0.9369    | 0.9128    | 
41      | 0.9379    | 0.914     | 
42      | 0.9387    | 0.9134    | 
43      | 0.9392    | 0.9147    | 
44      | 0.9397    | 0.9147    | 
45      | 0.94      | 0.9147    | 
46      | 0.9403    | 0.9148    | 
47      | 0.94      | 0.9152    | 
48      | 0.94      | 0.9149    | 
49      | 0.9403    | 0.9151    | 
50      | 0.9407    | 0.9147    | 
51      | 0.9407    | 0.9161    | 
52      | 0.9408    | 0.9161    | 
53      | 0.9407    | 0.9163    | 
54      | 0.9408    | 0.9164    | 
55      | 0.9407    | 0.9163    | 
56      | 0.9405    | 0.9163    | 
57      | 0.941     | 0.9159    | 
58      | 0.9413    | 0.9161    | 
59      | 0.9416    | 0.9162    | 
60      | 0.9421    | 0.916     | 
61      | 0.9415    | 0.9161    | 
62      | 0.9418    | 0.9161    | 
63      | 0.9416    | 0.9157    | 
64      | 0.9419    | 0.9157    | 
65      | 0.9423    | 0.9156    | 
66      | 0.9421    | 0.9162    | 
67      | 0.9426    | 0.9176    | 
68      | 0.9433    | 0.9179    | 
69      | 0.9436    | 0.918     | 
70      | 0.9436    | 0.9181    | 
71      | 0.9437    | 0.9183    | 
72      | 0.9435    | 0.9176    | 
73      | 0.9437    | 0.9172    | 
74      | 0.9437    | 0.9175    | 
75      | 0.9439    | 0.9174    | 
76      | 0.9439    | 0.9175    | 
77      | 0.9441    | 0.9174    | 
78      | 0.9444    | 0.9179    | 
79      | 0.9444    | 0.9175    | 
80      | 0.9448    | 0.9175    | 
81      | 0.9446    | 0.9175    | 
82      | 0.9448    | 0.9175    | 
83      | 0.9448    | 0.9175    | 
84      | 0.9448    | 0.9175    | 
85      | 0.9449    | 0.9175    | 
86      | 0.9451    | 0.9171    | 
87      | 0.945     | 0.9171    | 
88      | 0.9452    | 0.9176    | 
89      | 0.945     | 0.9177    | 
90      | 0.945     | 0.9173    | 
91      | 0.945     | 0.9177    | 
92      | 0.945     | 0.9178    | 
93      | 0.9453    | 0.9174    | 
94      | 0.9454    | 0.9179    | 
95      | 0.9461    | 0.9179    | 
96      | 0.9461    | 0.9178    | 
97      | 0.9461    | 0.9183    | 
98      | 0.9462    | 0.9181    | 
99      | 0.9457    | 0.919     | 
100     | 0.9458    | 0.9186    | 
101     | 0.9459    | 0.919     | 
102     | 0.946     | 0.919     | 
103     | 0.9461    | 0.919     | 
104     | 0.9464    | 0.919     | 
105     | 0.9466    | 0.9185    | 
106     | 0.9465    | 0.9185    | 
107     | 0.9466    | 0.919     | 
108     | 0.9462    | 0.919     | 
109     | 0.9464    | 0.9185    | 
110     | 0.9465    | 0.919     | 
111     | 0.9468    | 0.919     | 
112     | 0.9469    | 0.919     | 
113     | 0.9471    | 0.9194    | 
114     | 0.9474    | 0.9194    | 
115     | 0.9474    | 0.92      | 
116     | 0.9475    | 0.92      | 
117     | 0.947     | 0.9195    | 
118     | 0.9478    | 0.9191    | 
119     | 0.9479    | 0.919     | 
120     | 0.9479    | 0.92      | 
121     | 0.9483    | 0.9201    | 
122     | 0.9486    | 0.9205    | 
123     | 0.9487    | 0.9206    | 
124     | 0.9492    | 0.9206    | 
125     | 0.9493    | 0.9206    | 
126     | 0.9494    | 0.9201    | 
127     | 0.9494    | 0.9201    | 
128     | 0.9492    | 0.9201    | 
129     | 0.9497    | 0.9201    | 
130     | 0.9494    | 0.9207    | 
131     | 0.9497    | 0.9207    | 
132     | 0.9501    | 0.9207    | 
133     | 0.9501    | 0.9206    | 
134     | 0.9501    | 0.9201    | 
135     | 0.9499    | 0.9206    | 
136     | 0.9499    | 0.9206    | 
137     | 0.9495    | 0.9201    | 
138     | 0.9499    | 0.9206    | 
139     | 0.9499    | 0.9206    | 
140     | 0.9499    | 0.9206    | 
141     | 0.9499    | 0.9206    | 
142     | 0.9497    | 0.9206    | 
143     | 0.95      | 0.9202    | 
144     | 0.9502    | 0.9207    | 
145     | 0.9496    | 0.9207    | 
146     | 0.9503    | 0.9207    | 
147     | 0.9505    | 0.9208    | 
148     | 0.9503    | 0.9208    | 
149     | 0.9503    | 0.9208    | 
150     | 0.9503    | 0.9208    | 
151     | 0.9503    | 0.9208    | 
152     | 0.9508    | 0.9208    | 
153     | 0.9508    | 0.9208    | 
154     | 0.9508    | 0.9208    | 
155     | 0.9513    | 0.9208    | 
156     | 0.9513    | 0.9208    | 
157     | 0.9513    | 0.9208    | 
158     | 0.951     | 0.9208    | 
159     | 0.9509    | 0.9209    | 
160     | 0.9513    | 0.9209    | 
161     | 0.9513    | 0.9208    | 
162     | 0.9514    | 0.9209    | 
163     | 0.9513    | 0.9213    | 
164     | 0.9513    | 0.9209    | 
165     | 0.9514    | 0.9208    | 
166     | 0.9511    | 0.9208    | 
167     | 0.9514    | 0.9208    | 
168     | 0.9514    | 0.9208    | 
169     | 0.9514    | 0.9208    | 
170     | 0.9514    | 0.9209    | 
171     | 0.9514    | 0.9208    | 
172     | 0.9516    | 0.9208    | 
173     | 0.9509    | 0.9208    | 
174     | 0.9509    | 0.9208    | 
175     | 0.9514    | 0.9207    | 
176     | 0.9505    | 0.9207    | 
177     | 0.9509    | 0.9207    | 
178     | 0.9514    | 0.9207    | 
179     | 0.9514    | 0.9207    | 
180     | 0.9514    | 0.9212    | 
181     | 0.9514    | 0.9207    | 
182     | 0.9511    | 0.9212    | 
183     | 0.9514    | 0.9212    | 
184     | 0.951     | 0.9212    | 
185     | 0.9514    | 0.9212    | 
186     | 0.9514    | 0.9212    | 
187     | 0.9508    | 0.9212    | 
188     | 0.9512    | 0.9212    | 
189     | 0.9508    | 0.9212    | 
190     | 0.9514    | 0.9212    | 
191     | 0.9514    | 0.9212    | 
192     | 0.9514    | 0.9212    | 
193     | 0.9517    | 0.9212    | 
194     | 0.9517    | 0.9212    | 
195     | 0.9517    | 0.9212    | 
196     | 0.9517    | 0.9212    | 
197     | 0.9517    | 0.9212    | 
198     | 0.9517    | 0.9212    | 
199     | 0.9517    | 0.9212    | 
200     | 0.9519    | 0.9212    | 
201     | 0.9523    | 0.9212    | 
202     | 0.9523    | 0.9212    | 
203     | 0.9521    | 0.9212    | 
204     | 0.9523    | 0.9212    | 
205     | 0.9523    | 0.9217    | 
206     | 0.9523    | 0.9217    | 
207     | 0.9523    | 0.9217    | 
208     | 0.9523    | 0.9217    | 
209     | 0.9523    | 0.9217    | 
210     | 0.9526    | 0.9221    | 
211     | 0.9528    | 0.9222    | 
212     | 0.9528    | 0.9222    | 
213     | 0.9528    | 0.9227    | 
214     | 0.9528    | 0.9227    | 
215     | 0.9528    | 0.9227    | 
216     | 0.953     | 0.9227    | 
217     | 0.9528    | 0.9227    | 
218     | 0.9528    | 0.9227    | 
219     | 0.9528    | 0.9227    | 
220     | 0.9528    | 0.9227    | 
221     | 0.9528    | 0.9227    | 
222     | 0.9528    | 0.9227    | 
223     | 0.9528    | 0.9227    | 
224     | 0.9528    | 0.9227    | 
225     | 0.9529    | 0.9227    | 
226     | 0.9529    | 0.9227    | 
227     | 0.953     | 0.9227    | 
228     | 0.9531    | 0.9227    | 
229     | 0.953     | 0.9227    | 
230     | 0.9528    | 0.9222    | 
231     | 0.9528    | 0.9222    | 
232     | 0.9528    | 0.9222    | 
233     | 0.9529    | 0.9222    | 
234     | 0.9531    | 0.9222    | 
235     | 0.9529    | 0.9222    | 
236     | 0.9531    | 0.9222    | 
237     | 0.9531    | 0.9222    | 
238     | 0.9531    | 0.9222    | 
239     | 0.9533    | 0.9222    | 
240     | 0.9531    | 0.9222    | 
241     | 0.9533    | 0.9222    | 
242     | 0.9533    | 0.9222    | 
243     | 0.9533    | 0.9222    | 
244     | 0.9533    | 0.9222    | 
245     | 0.9533    | 0.9222    | 
246     | 0.9535    | 0.9222    | 
247     | 0.9535    | 0.9222    | 
248     | 0.9535    | 0.9222    | 
249     | 0.9535    | 0.9223    | 
250     | 0.9535    | 0.9222    | 
251     | 0.9535    | 0.9222    | 
252     | 0.9535    | 0.9223    | 
253     | 0.9535    | 0.9223    | 
254     | 0.9535    | 0.9222    | 
255     | 0.9535    | 0.9222    | 
256     | 0.9535    | 0.9222    | 
257     | 0.9535    | 0.9222    | 
258     | 0.9538    | 0.9222    | 
259     | 0.9538    | 0.9222    | 
260     | 0.9538    | 0.9222    | 
261     | 0.9538    | 0.9222    | 
262     | 0.9538    | 0.9222    | 
263     | 0.9538    | 0.9222    | 
264     | 0.9538    | 0.9223    | 
265     | 0.9538    | 0.9228    | 
266     | 0.9538    | 0.9223    | 
267     | 0.9538    | 0.9223    | 
268     | 0.9538    | 0.9228    | 
269     | 0.9538    | 0.9228    | 
270     | 0.9538    | 0.9228    | 
271     | 0.9538    | 0.9228    | 
272     | 0.9538    | 0.9228    | 
273     | 0.9538    | 0.9223    | 
274     | 0.9538    | 0.9228    | 
275     | 0.9539    | 0.9228    | 
276     | 0.9539    | 0.9224    | 
277     | 0.9539    | 0.9224    | 
278     | 0.9539    | 0.9224    | 
279     | 0.9539    | 0.9224    | 
280     | 0.9539    | 0.9224    | 
281     | 0.9539    | 0.9224    | 
282     | 0.9539    | 0.9224    | 
283     | 0.9539    | 0.9224    | 
284     | 0.9539    | 0.9228    | 
285     | 0.9539    | 0.9228    | 
286     | 0.9539    | 0.9229    | 
287     | 0.9539    | 0.9229    | 
288     | 0.9539    | 0.9224    | 
289     | 0.9539    | 0.9224    | 
290     | 0.9539    | 0.9224    | 
291     | 0.9539    | 0.9224    | 
292     | 0.9539    | 0.9224    | 
293     | 0.9539    | 0.9224    | 
294     | 0.9539    | 0.9224    | 
295     | 0.9539    | 0.9224    | 
296     | 0.9539    | 0.9224    | 
297     | 0.9539    | 0.9224    | 
298     | 0.9539    | 0.9224    | 
299     | 0.9539    | 0.9224    | 
300     | 0.9539    | 0.9224    | 
301     | 0.9539    | 0.9224    | 
302     | 0.9539    | 0.9224    | 
303     | 0.9539    | 0.9224    | 
304     | 0.9539    | 0.9224    | 
305     | 0.9539    | 0.9224    | 
306     | 0.9539    | 0.9224    | 
307     | 0.9539    | 0.9224    | 
308     | 0.9539    | 0.9224    | 
309     | 0.9539    | 0.9224    | 
310     | 0.9539    | 0.9224    | 
311     | 0.9539    | 0.9224    | 
312     | 0.9539    | 0.9224    | 
313     | 0.9539    | 0.9224    | 
314     | 0.9539    | 0.9224    | 
315     | 0.9539    | 0.9224    | 
316     | 0.9539    | 0.9224    | 
317     | 0.9539    | 0.9224    | 
318     | 0.9539    | 0.9224    | 
319     | 0.9539    | 0.9229    | 
320     | 0.9539    | 0.922     | 
321     | 0.9539    | 0.922     | 
322     | 0.9539    | 0.922     | 
323     | 0.9539    | 0.9228    | 
324     | 0.9539    | 0.9228    | 
325     | 0.9539    | 0.9229    | 
326     | 0.9539    | 0.9229    | 
327     | 0.9539    | 0.9229    | 
328     | 0.9539    | 0.922     | 
329     | 0.9539    | 0.9229    | 
330     | 0.9539    | 0.9229    | 
331     | 0.9539    | 0.922     | 
332     | 0.9539    | 0.9229    | 
333     | 0.9539    | 0.922     | 
334     | 0.9539    | 0.922     | 
335     | 0.9539    | 0.9225    | 
336     | 0.9539    | 0.9225    | 
337     | 0.9539    | 0.9225    | 
338     | 0.9539    | 0.9225    | 
339     | 0.9539    | 0.9225    | 
340     | 0.9539    | 0.9225    | 
341     | 0.9539    | 0.9225    | 
342     | 0.9539    | 0.9225    | 
343     | 0.9539    | 0.9225    | 
344     | 0.9539    | 0.9225    | 
345     | 0.9539    | 0.9225    | 
346     | 0.9539    | 0.9234    | 
347     | 0.9539    | 0.9234    | 
348     | 0.9539    | 0.9225    | 
349     | 0.9539    | 0.9225    | 
350     | 0.9539    | 0.9225    | 
351     | 0.9539    | 0.9225    | 
352     | 0.9539    | 0.9225    | 
353     | 0.9539    | 0.9234    | 
354     | 0.9539    | 0.9233    | 
355     | 0.9539    | 0.9233    | 
356     | 0.9539    | 0.9234    | 
357     | 0.9539    | 0.9234    | 
358     | 0.9539    | 0.9234    | 
359     | 0.9539    | 0.9234    | 
360     | 0.9539    | 0.9234    | 
361     | 0.9539    | 0.9234    | 
362     | 0.9539    | 0.9234    | 
363     | 0.9539    | 0.9234    | 
364     | 0.9539    | 0.9234    | 
365     | 0.9539    | 0.9234    | 
366     | 0.9539    | 0.9234    | 
367     | 0.9539    | 0.9234    | 
368     | 0.9539    | 0.9234    | 
369     | 0.9539    | 0.9234    | 
370     | 0.9539    | 0.9234    | 
371     | 0.9539    | 0.9234    | 
372     | 0.9539    | 0.9234    | 
373     | 0.9539    | 0.9234    | 
374     | 0.9539    | 0.9234    | 
375     | 0.9539    | 0.9234    | 
376     | 0.9539    | 0.9234    | 
377     | 0.9539    | 0.9234    | 
378     | 0.9539    | 0.9234    | 
379     | 0.9539    | 0.9234    | 
380     | 0.9539    | 0.9234    | 
381     | 0.9539    | 0.9234    | 
382     | 0.9539    | 0.9234    | 
383     | 0.9539    | 0.9234    | 
384     | 0.9539    | 0.9234    | 
385     | 0.9539    | 0.9234    | 
386     | 0.9539    | 0.9234    | 
387     | 0.9539    | 0.9234    | 
388     | 0.9539    | 0.9234    | 
389     | 0.9539    | 0.9234    | 
390     | 0.9539    | 0.9234    | 
391     | 0.9539    | 0.9234    | 
392     | 0.9539    | 0.9234    | 
393     | 0.9539    | 0.9234    | 
394     | 0.9539    | 0.9234    | 
395     | 0.9539    | 0.9234    | 
396     | 0.9539    | 0.9234    | 
397     | 0.9539    | 0.9234    | 
398     | 0.9539    | 0.9234    | 
399     | 0.9539    | 0.9234    | 
400     | 0.9539    | 0.9234    | 
401     | 0.9539    | 0.9234    | 
402     | 0.9539    | 0.9226    | 
403     | 0.9539    | 0.9226    | 
404     | 0.9539    | 0.9234    | 
405     | 0.9539    | 0.9234    | 
406     | 0.9539    | 0.9234    | 
407     | 0.9539    | 0.9234    | 
408     | 0.9539    | 0.9234    | 
409     | 0.9539    | 0.9234    | 
410     | 0.9539    | 0.9234    | 
411     | 0.9539    | 0.9239    | 
412     | 0.9539    | 0.9239    | 
413     | 0.9539    | 0.9239    | 
414     | 0.9539    | 0.9239    | 
415     | 0.9539    | 0.9239    | 
416     | 0.9539    | 0.9239    | 
417     | 0.9539    | 0.9239    | 
418     | 0.9539    | 0.9239    | 
419     | 0.9539    | 0.9231    | 
420     | 0.9539    | 0.9231    | 
421     | 0.9539    | 0.9231    | 
422     | 0.9539    | 0.9231    | 
423     | 0.9539    | 0.9231    | 
424     | 0.9539    | 0.9231    | 
425     | 0.9539    | 0.9231    | 
426     | 0.9539    | 0.9231    | 
427     | 0.9539    | 0.924     | 
428     | 0.9539    | 0.924     | 
429     | 0.9539    | 0.924     | 
430     | 0.9539    | 0.924     | 
431     | 0.9539    | 0.924     | 
432     | 0.9539    | 0.9231    | 
433     | 0.9539    | 0.924     | 
434     | 0.9539    | 0.924     | 
435     | 0.9539    | 0.924     | 
436     | 0.9539    | 0.924     | 
437     | 0.9539    | 0.924     | 
438     | 0.9539    | 0.924     | 
439     | 0.9539    | 0.924     | 
440     | 0.9539    | 0.924     | 
441     | 0.9539    | 0.924     | 
442     | 0.9539    | 0.924     | 
443     | 0.9539    | 0.924     | 
444     | 0.9539    | 0.924     | 
445     | 0.9539    | 0.924     | 
446     | 0.9539    | 0.924     | 
447     | 0.9539    | 0.924     | 
448     | 0.9539    | 0.924     | 
449     | 0.9539    | 0.924     | 
450     | 0.9539    | 0.924     | 
451     | 0.9539    | 0.924     | 
452     | 0.9539    | 0.924     | 
453     | 0.9539    | 0.924     | 
454     | 0.9539    | 0.924     | 
455     | 0.9539    | 0.924     | 
456     | 0.9539    | 0.924     | 
457     | 0.9539    | 0.924     | 
458     | 0.9539    | 0.924     | 
459     | 0.9539    | 0.924     | 
460     | 0.9539    | 0.924     | 
461     | 0.9539    | 0.924     | 
462     | 0.9539    | 0.924     | 
463     | 0.9539    | 0.924     | 
464     | 0.9539    | 0.924     | 
465     | 0.9539    | 0.924     | 
466     | 0.9539    | 0.924     | 
467     | 0.9539    | 0.924     | 
468     | 0.9539    | 0.924     | 
469     | 0.9539    | 0.924     | 
470     | 0.9539    | 0.924     | 
471     | 0.9539    | 0.924     | 
472     | 0.9539    | 0.924     | 
473     | 0.9539    | 0.924     | 
474     | 0.9539    | 0.924     | 
475     | 0.9539    | 0.924     | 
476     | 0.9539    | 0.924     | 
477     | 0.9539    | 0.924     | 
478     | 0.9539    | 0.924     | 
479     | 0.9539    | 0.924     | 
480     | 0.9539    | 0.924     | 
481     | 0.9539    | 0.924     | 
482     | 0.9539    | 0.924     | 
483     | 0.9539    | 0.924     | 
484     | 0.9539    | 0.924     | 
485     | 0.9539    | 0.924     | 
486     | 0.9539    | 0.924     | 
487     | 0.9539    | 0.924     | 
488     | 0.9539    | 0.924     | 
489     | 0.9539    | 0.924     | 
490     | 0.9539    | 0.924     | 
491     | 0.9539    | 0.924     | 
492     | 0.9539    | 0.924     | 
493     | 0.9539    | 0.924     | 
494     | 0.9539    | 0.924     | 
495     | 0.9539    | 0.924     | 
496     | 0.9539    | 0.924     | 
497     | 0.9539    | 0.924     | 
498     | 0.9539    | 0.924     | 
499     | 0.9539    | 0.924     | 
500     | 0.9539    | 0.924     | 
501     | 0.9539    | 0.924     | 
502     | 0.9539    | 0.924     | 
503     | 0.9539    | 0.924     | 
504     | 0.9539    | 0.924     | 
505     | 0.9539    | 0.924     | 
506     | 0.9539    | 0.924     | 
507     | 0.9539    | 0.924     | 
508     | 0.9539    | 0.924     | 
509     | 0.9539    | 0.924     | 
510     | 0.9539    | 0.924     | 
511     | 0.9539    | 0.924     | 
512     | 0.9539    | 0.924     | 
513     | 0.9539    | 0.924     | 
514     | 0.9539    | 0.924     | 
515     | 0.9539    | 0.924     | 
516     | 0.9539    | 0.924     | 
517     | 0.9539    | 0.924     | 
518     | 0.9539    | 0.924     | 
519     | 0.9539    | 0.924     | 
520     | 0.9539    | 0.924     | 
521     | 0.9539    | 0.924     | 
522     | 0.9539    | 0.924     | 
523     | 0.9539    | 0.924     | 
524     | 0.9539    | 0.924     | 
525     | 0.9539    | 0.924     | 
526     | 0.9539    | 0.924     | 
527     | 0.9539    | 0.924     | 
528     | 0.9539    | 0.924     | 
529     | 0.9539    | 0.924     | 
530     | 0.9539    | 0.924     | 
531     | 0.9539    | 0.924     | 
532     | 0.9539    | 0.924     | 
533     | 0.9539    | 0.924     | 
534     | 0.9539    | 0.924     | 
535     | 0.9539    | 0.924     | 
536     | 0.9539    | 0.924     | 
537     | 0.9539    | 0.924     | 
538     | 0.9539    | 0.924     | 
539     | 0.9539    | 0.924     | 
540     | 0.9539    | 0.9241    | 
541     | 0.9539    | 0.9241    | 
542     | 0.9539    | 0.9241    | 
543     | 0.9539    | 0.9241    | 
544     | 0.9539    | 0.9241    | 
545     | 0.9539    | 0.9241    | 
546     | 0.9539    | 0.9241    | 
547     | 0.9539    | 0.9241    | 
548     | 0.9539    | 0.9241    | 
549     | 0.9539    | 0.9241    | 
550     | 0.9539    | 0.924     | 
551     | 0.9539    | 0.924     | 
552     | 0.9539    | 0.924     | 
553     | 0.9539    | 0.924     | 
554     | 0.9539    | 0.924     | 
555     | 0.9539    | 0.9241    | 
556     | 0.9539    | 0.9241    | 
557     | 0.9539    | 0.9241    | 
558     | 0.9539    | 0.9241    | 
559     | 0.9539    | 0.9241    | 
560     | 0.9539    | 0.9241    | 
561     | 0.9539    | 0.9241    | 
562     | 0.9539    | 0.9241    | 
563     | 0.9539    | 0.9241    | 
564     | 0.9539    | 0.9241    | 
565     | 0.9539    | 0.9241    | 
566     | 0.9539    | 0.9241    | 
567     | 0.9539    | 0.9241    | 
568     | 0.9539    | 0.9241    | 
569     | 0.9539    | 0.9241    | 
570     | 0.9539    | 0.9241    | 
571     | 0.9539    | 0.9241    | 
572     | 0.9539    | 0.9241    | 
573     | 0.9539    | 0.9241    | 
574     | 0.9539    | 0.9241    | 
575     | 0.9539    | 0.9241    | 
576     | 0.9539    | 0.9241    | 
577     | 0.9539    | 0.9241    | 
578     | 0.9539    | 0.9241    | 
579     | 0.9539    | 0.9241    | 
580     | 0.9539    | 0.9241    | 
581     | 0.9539    | 0.9241    | 
582     | 0.9539    | 0.9241    | 
583     | 0.9539    | 0.9241    | 
584     | 0.9539    | 0.9241    | 
585     | 0.9539    | 0.9241    | 
586     | 0.9539    | 0.9241    | 
587     | 0.9539    | 0.9241    | 
588     | 0.9539    | 0.9241    | 
589     | 0.9539    | 0.9241    | 
590     | 0.9539    | 0.9241    | 
591     | 0.9539    | 0.9241    | 
592     | 0.9539    | 0.9241    | 
593     | 0.9539    | 0.9241    | 
594     | 0.9539    | 0.9241    | 
595     | 0.9539    | 0.9241    | 
596     | 0.9539    | 0.9241    | 
597     | 0.9539    | 0.9241    | 
598     | 0.9539    | 0.9241    | 
599     | 0.9539    | 0.9241    | 
600     | 0.9539    | 0.9241    | 
601     | 0.9539    | 0.9241    | 
602     | 0.9539    | 0.924     | 
603     | 0.9539    | 0.924     | 
604     | 0.9539    | 0.924     | 
605     | 0.9539    | 0.924     | 
606     | 0.9539    | 0.924     | 
607     | 0.9539    | 0.924     | 
608     | 0.9539    | 0.924     | 
609     | 0.9539    | 0.924     | 
610     | 0.9539    | 0.924     | 
611     | 0.9539    | 0.924     | 
612     | 0.9539    | 0.924     | 
613     | 0.9539    | 0.924     | 
614     | 0.9539    | 0.924     | 
615     | 0.9539    | 0.924     | 
616     | 0.9539    | 0.924     | 
617     | 0.9539    | 0.924     | 
618     | 0.9539    | 0.924     | 
619     | 0.9539    | 0.924     | 
620     | 0.9539    | 0.924     | 
621     | 0.9539    | 0.924     | 
622     | 0.9539    | 0.924     | 
623     | 0.9539    | 0.924     | 
624     | 0.9539    | 0.924     | 
625     | 0.9539    | 0.924     | 
626     | 0.9539    | 0.924     | 
627     | 0.9539    | 0.924     | 
628     | 0.9539    | 0.924     | 
629     | 0.9539    | 0.924     | 
630     | 0.9539    | 0.924     | 
631     | 0.9539    | 0.924     | 
632     | 0.9539    | 0.924     | 
633     | 0.9539    | 0.924     | 
634     | 0.9539    | 0.924     | 
635     | 0.9539    | 0.924     | 
636     | 0.9539    | 0.924     | 
637     | 0.9539    | 0.924     | 
638     | 0.9539    | 0.924     | 
639     | 0.9539    | 0.924     | 
640     | 0.9539    | 0.924     | 
641     | 0.9539    | 0.924     | 
642     | 0.9539    | 0.924     | 
643     | 0.9539    | 0.924     | 
644     | 0.9539    | 0.924     | 
645     | 0.9539    | 0.924     | 
646     | 0.9539    | 0.924     | 
647     | 0.9539    | 0.924     | 
648     | 0.9539    | 0.924     | 
649     | 0.9539    | 0.924     | 
650     | 0.9539    | 0.924     | 
651     | 0.9539    | 0.924     | 
652     | 0.9539    | 0.924     | 
653     | 0.9539    | 0.924     | 
654     | 0.9539    | 0.924     | 
655     | 0.9539    | 0.924     | 
656     | 0.9539    | 0.924     | 
657     | 0.9539    | 0.924     | 
658     | 0.9539    | 0.924     | 
659     | 0.9539    | 0.9241    | 
660     | 0.9539    | 0.9241    | 
661     | 0.9539    | 0.9241    | 
662     | 0.9539    | 0.9241    | 
663     | 0.9539    | 0.9241    | 
---------------------------------
Finished sucessfully.
NDCG@10 on training data: 0.9539
NDCG@10 on validation data: 0.9241
---------------------------------
NDCG@10 on test data: 0.9674

Model saved to: ../model/experiment/model_ss_ans.txt
