java -jar RankLib-2.14.jar -train ../data/experiment/no_ngram_train.txt -test ../data/experiment/no_ngram_test.txt -validate ../data/experiment/no_ngram_validate.txt -ranker 6 -metric2t NDCG@10 -metric2T NDCG@10 -save ../model/experiment/model_no_ngram.txt

Discard orig. features
Training data:	../data/experiment/no_ngram_train.txt
Test data:	../data/experiment/no_ngram_test.txt
Validation data:	../data/experiment/no_ngram_validate.txt
Feature vector representation: Dense.
Ranking method:	LambdaMART
Feature description file:	Unspecified. All features will be used.
Train metric:	NDCG@10
Test metric:	NDCG@10
Feature normalization: No
Model file: ../model/experiment/model_no_ngram.txt

[+] LambdaMART's Parameters:
No. of trees: 1000
No. of leaves: 10
No. of threshold candidates: 256
Min leaf support: 1
Learning rate: 0.1
Stop early: 100 rounds without performance gain on validation data

Reading feature file [../data/experiment/no_ngram_train.txt]... [Done.]            
(152 ranked lists, 7600 entries read)
Reading feature file [../data/experiment/no_ngram_validate.txt]... [Done.]            
(75 ranked lists, 3750 entries read)
Reading feature file [../data/experiment/no_ngram_test.txt]... [Done.]            
(77 ranked lists, 3850 entries read)
Initializing... [Done]
---------------------------------
Training starts...
---------------------------------
#iter   | NDCG@10-T | NDCG@10-V | 
---------------------------------
1       | 0.8445    | 0.812     | 
2       | 0.8857    | 0.8587    | 
3       | 0.8988    | 0.8751    | 
4       | 0.8992    | 0.8752    | 
5       | 0.8992    | 0.8752    | 
6       | 0.8995    | 0.8757    | 
7       | 0.8998    | 0.8757    | 
8       | 0.8998    | 0.8757    | 
9       | 0.8998    | 0.8757    | 
10      | 0.8996    | 0.8757    | 
11      | 0.9086    | 0.8801    | 
12      | 0.9086    | 0.8801    | 
13      | 0.9086    | 0.8801    | 
14      | 0.9086    | 0.8801    | 
15      | 0.9143    | 0.8937    | 
16      | 0.9152    | 0.8953    | 
17      | 0.9165    | 0.8956    | 
18      | 0.9184    | 0.898     | 
19      | 0.9188    | 0.8986    | 
20      | 0.9262    | 0.905     | 
21      | 0.929     | 0.9073    | 
22      | 0.9304    | 0.9093    | 
23      | 0.9314    | 0.9108    | 
24      | 0.9317    | 0.9108    | 
25      | 0.9323    | 0.9113    | 
26      | 0.9323    | 0.9113    | 
27      | 0.9327    | 0.9115    | 
28      | 0.9333    | 0.9118    | 
29      | 0.9334    | 0.9118    | 
30      | 0.934     | 0.9124    | 
31      | 0.934     | 0.9124    | 
32      | 0.934     | 0.9124    | 
33      | 0.9352    | 0.9127    | 
34      | 0.9353    | 0.9127    | 
35      | 0.9367    | 0.9121    | 
36      | 0.9384    | 0.9129    | 
37      | 0.9381    | 0.9129    | 
38      | 0.9386    | 0.9138    | 
39      | 0.9394    | 0.9145    | 
40      | 0.9398    | 0.9149    | 
41      | 0.94      | 0.9143    | 
42      | 0.9414    | 0.9147    | 
43      | 0.9419    | 0.9147    | 
44      | 0.9414    | 0.9147    | 
45      | 0.9416    | 0.9155    | 
46      | 0.9419    | 0.9162    | 
47      | 0.9422    | 0.9163    | 
48      | 0.9429    | 0.9167    | 
49      | 0.9432    | 0.9165    | 
50      | 0.9435    | 0.9169    | 
51      | 0.9435    | 0.9167    | 
52      | 0.9434    | 0.9167    | 
53      | 0.9436    | 0.917     | 
54      | 0.9438    | 0.917     | 
55      | 0.9438    | 0.9175    | 
56      | 0.9438    | 0.9175    | 
57      | 0.9433    | 0.9173    | 
58      | 0.9434    | 0.9172    | 
59      | 0.9436    | 0.9183    | 
60      | 0.9435    | 0.9182    | 
61      | 0.9436    | 0.9182    | 
62      | 0.9435    | 0.9182    | 
63      | 0.9442    | 0.9187    | 
64      | 0.9447    | 0.9187    | 
65      | 0.9438    | 0.9187    | 
66      | 0.9443    | 0.9187    | 
67      | 0.9446    | 0.9189    | 
68      | 0.9447    | 0.9185    | 
69      | 0.9447    | 0.9175    | 
70      | 0.9445    | 0.918     | 
71      | 0.9442    | 0.9179    | 
72      | 0.9443    | 0.9179    | 
73      | 0.9448    | 0.918     | 
74      | 0.9445    | 0.9179    | 
75      | 0.945     | 0.9178    | 
76      | 0.9452    | 0.917     | 
77      | 0.9452    | 0.917     | 
78      | 0.9454    | 0.917     | 
79      | 0.9463    | 0.917     | 
80      | 0.9455    | 0.9174    | 
81      | 0.9459    | 0.9179    | 
82      | 0.9461    | 0.9179    | 
83      | 0.9465    | 0.9184    | 
84      | 0.9464    | 0.9182    | 
85      | 0.9468    | 0.9182    | 
86      | 0.947     | 0.9182    | 
87      | 0.947     | 0.9182    | 
88      | 0.9471    | 0.9182    | 
89      | 0.9466    | 0.9182    | 
90      | 0.9466    | 0.9183    | 
91      | 0.9466    | 0.9182    | 
92      | 0.9469    | 0.9183    | 
93      | 0.9467    | 0.9183    | 
94      | 0.9468    | 0.9188    | 
95      | 0.9475    | 0.9183    | 
96      | 0.9481    | 0.9183    | 
97      | 0.948     | 0.9187    | 
98      | 0.948     | 0.9196    | 
99      | 0.9481    | 0.9196    | 
100     | 0.9482    | 0.9191    | 
101     | 0.9484    | 0.9191    | 
102     | 0.9488    | 0.9186    | 
103     | 0.949     | 0.9186    | 
104     | 0.9489    | 0.9186    | 
105     | 0.9489    | 0.9192    | 
106     | 0.9493    | 0.9187    | 
107     | 0.9496    | 0.9187    | 
108     | 0.9493    | 0.9192    | 
109     | 0.9493    | 0.9192    | 
110     | 0.9496    | 0.9192    | 
111     | 0.9497    | 0.9192    | 
112     | 0.9497    | 0.9192    | 
113     | 0.95      | 0.9192    | 
114     | 0.9499    | 0.9193    | 
115     | 0.9499    | 0.9193    | 
116     | 0.9501    | 0.9199    | 
117     | 0.9501    | 0.9198    | 
118     | 0.9503    | 0.9198    | 
119     | 0.9503    | 0.9199    | 
120     | 0.9499    | 0.9199    | 
121     | 0.9502    | 0.9199    | 
122     | 0.9505    | 0.9199    | 
123     | 0.951     | 0.9199    | 
124     | 0.9508    | 0.9199    | 
125     | 0.9507    | 0.92      | 
126     | 0.9507    | 0.92      | 
127     | 0.951     | 0.92      | 
128     | 0.951     | 0.9195    | 
129     | 0.9509    | 0.9204    | 
130     | 0.9509    | 0.9205    | 
131     | 0.951     | 0.9205    | 
132     | 0.951     | 0.9209    | 
133     | 0.951     | 0.9209    | 
134     | 0.9508    | 0.9209    | 
135     | 0.9509    | 0.9209    | 
136     | 0.9509    | 0.921     | 
137     | 0.9509    | 0.9214    | 
138     | 0.9511    | 0.921     | 
139     | 0.951     | 0.921     | 
140     | 0.9511    | 0.921     | 
141     | 0.9511    | 0.921     | 
142     | 0.9519    | 0.921     | 
143     | 0.9517    | 0.9215    | 
144     | 0.9519    | 0.9215    | 
145     | 0.9519    | 0.9215    | 
146     | 0.952     | 0.9215    | 
147     | 0.9518    | 0.9214    | 
148     | 0.9518    | 0.9215    | 
149     | 0.9518    | 0.9216    | 
150     | 0.952     | 0.9216    | 
151     | 0.9518    | 0.9216    | 
152     | 0.9518    | 0.9215    | 
153     | 0.9519    | 0.9216    | 
154     | 0.9521    | 0.9216    | 
155     | 0.9521    | 0.9216    | 
156     | 0.9521    | 0.9216    | 
157     | 0.9523    | 0.9216    | 
158     | 0.9523    | 0.9216    | 
159     | 0.952     | 0.9217    | 
160     | 0.9521    | 0.9217    | 
161     | 0.9524    | 0.9217    | 
162     | 0.9524    | 0.9217    | 
163     | 0.9524    | 0.9217    | 
164     | 0.9524    | 0.9217    | 
165     | 0.9524    | 0.9217    | 
166     | 0.9524    | 0.9217    | 
167     | 0.9526    | 0.9217    | 
168     | 0.9526    | 0.9222    | 
169     | 0.9526    | 0.9222    | 
170     | 0.9526    | 0.9222    | 
171     | 0.9526    | 0.9222    | 
172     | 0.9526    | 0.9222    | 
173     | 0.9526    | 0.9226    | 
174     | 0.9526    | 0.9226    | 
175     | 0.9526    | 0.9226    | 
176     | 0.9526    | 0.9226    | 
177     | 0.9526    | 0.9226    | 
178     | 0.9526    | 0.9226    | 
179     | 0.9526    | 0.9222    | 
180     | 0.9526    | 0.9222    | 
181     | 0.9526    | 0.9222    | 
182     | 0.9526    | 0.9222    | 
183     | 0.9526    | 0.9226    | 
184     | 0.9526    | 0.9226    | 
185     | 0.9526    | 0.9226    | 
186     | 0.9526    | 0.9226    | 
187     | 0.9528    | 0.9226    | 
188     | 0.9528    | 0.9226    | 
189     | 0.9528    | 0.9231    | 
190     | 0.9528    | 0.9231    | 
191     | 0.9528    | 0.9231    | 
192     | 0.9528    | 0.9231    | 
193     | 0.9528    | 0.923     | 
194     | 0.9528    | 0.923     | 
195     | 0.953     | 0.923     | 
196     | 0.953     | 0.923     | 
197     | 0.953     | 0.9231    | 
198     | 0.953     | 0.9235    | 
199     | 0.953     | 0.9235    | 
200     | 0.953     | 0.9235    | 
201     | 0.953     | 0.9235    | 
202     | 0.953     | 0.9235    | 
203     | 0.953     | 0.9235    | 
204     | 0.953     | 0.9235    | 
205     | 0.953     | 0.9235    | 
206     | 0.953     | 0.9235    | 
207     | 0.953     | 0.9235    | 
208     | 0.953     | 0.9235    | 
209     | 0.953     | 0.9235    | 
210     | 0.9532    | 0.9235    | 
211     | 0.9532    | 0.9235    | 
212     | 0.9533    | 0.9235    | 
213     | 0.9533    | 0.9235    | 
214     | 0.9533    | 0.9235    | 
215     | 0.9533    | 0.9235    | 
216     | 0.9533    | 0.9235    | 
217     | 0.9533    | 0.9235    | 
218     | 0.9533    | 0.9235    | 
219     | 0.9533    | 0.9235    | 
220     | 0.9533    | 0.9235    | 
221     | 0.9533    | 0.9235    | 
222     | 0.9533    | 0.9235    | 
223     | 0.9532    | 0.9235    | 
224     | 0.9532    | 0.9235    | 
225     | 0.9532    | 0.9235    | 
226     | 0.9532    | 0.9235    | 
227     | 0.9534    | 0.9235    | 
228     | 0.9534    | 0.9236    | 
229     | 0.9534    | 0.9235    | 
230     | 0.9534    | 0.9235    | 
231     | 0.9534    | 0.9235    | 
232     | 0.9534    | 0.9235    | 
233     | 0.9534    | 0.9236    | 
234     | 0.9534    | 0.9236    | 
235     | 0.9534    | 0.9236    | 
236     | 0.9534    | 0.9231    | 
237     | 0.9534    | 0.9231    | 
238     | 0.9534    | 0.9231    | 
239     | 0.9534    | 0.9231    | 
240     | 0.9534    | 0.9231    | 
241     | 0.9534    | 0.9231    | 
242     | 0.9534    | 0.9231    | 
243     | 0.9534    | 0.9231    | 
244     | 0.9534    | 0.9231    | 
245     | 0.9532    | 0.9231    | 
246     | 0.9532    | 0.9231    | 
247     | 0.9534    | 0.9231    | 
248     | 0.9532    | 0.923     | 
249     | 0.9534    | 0.9231    | 
250     | 0.9532    | 0.9231    | 
251     | 0.9534    | 0.9231    | 
252     | 0.9534    | 0.9231    | 
253     | 0.9537    | 0.923     | 
254     | 0.9537    | 0.923     | 
255     | 0.9537    | 0.923     | 
256     | 0.9537    | 0.923     | 
257     | 0.9537    | 0.923     | 
258     | 0.9537    | 0.923     | 
259     | 0.9537    | 0.923     | 
260     | 0.9537    | 0.923     | 
261     | 0.9535    | 0.923     | 
262     | 0.9537    | 0.923     | 
263     | 0.9537    | 0.923     | 
264     | 0.9537    | 0.923     | 
265     | 0.9537    | 0.923     | 
266     | 0.9537    | 0.923     | 
267     | 0.9537    | 0.923     | 
268     | 0.9537    | 0.923     | 
269     | 0.9537    | 0.923     | 
270     | 0.9537    | 0.923     | 
271     | 0.9537    | 0.923     | 
272     | 0.9537    | 0.923     | 
273     | 0.9537    | 0.923     | 
274     | 0.9537    | 0.9234    | 
275     | 0.9537    | 0.9234    | 
276     | 0.9537    | 0.9229    | 
277     | 0.9537    | 0.9234    | 
278     | 0.9537    | 0.9231    | 
279     | 0.9537    | 0.9235    | 
280     | 0.9537    | 0.9235    | 
281     | 0.9537    | 0.9235    | 
282     | 0.9537    | 0.9235    | 
283     | 0.9537    | 0.9235    | 
284     | 0.9537    | 0.9239    | 
285     | 0.9537    | 0.9235    | 
286     | 0.9537    | 0.924     | 
287     | 0.9537    | 0.924     | 
288     | 0.9537    | 0.924     | 
289     | 0.9537    | 0.924     | 
290     | 0.9537    | 0.924     | 
291     | 0.9537    | 0.9239    | 
292     | 0.9537    | 0.924     | 
293     | 0.9537    | 0.924     | 
294     | 0.9537    | 0.9239    | 
295     | 0.9537    | 0.924     | 
296     | 0.9537    | 0.924     | 
297     | 0.9537    | 0.924     | 
298     | 0.9537    | 0.924     | 
299     | 0.9537    | 0.924     | 
300     | 0.9537    | 0.924     | 
301     | 0.9537    | 0.924     | 
302     | 0.9537    | 0.924     | 
303     | 0.9537    | 0.924     | 
304     | 0.9537    | 0.924     | 
305     | 0.9537    | 0.924     | 
306     | 0.9537    | 0.924     | 
307     | 0.9537    | 0.924     | 
308     | 0.9537    | 0.924     | 
309     | 0.9537    | 0.924     | 
310     | 0.9537    | 0.924     | 
311     | 0.9539    | 0.924     | 
312     | 0.9539    | 0.924     | 
313     | 0.9539    | 0.924     | 
314     | 0.9539    | 0.924     | 
315     | 0.9539    | 0.924     | 
316     | 0.9539    | 0.924     | 
317     | 0.9539    | 0.924     | 
318     | 0.9539    | 0.924     | 
319     | 0.9539    | 0.924     | 
320     | 0.9539    | 0.924     | 
321     | 0.9539    | 0.924     | 
322     | 0.9539    | 0.924     | 
323     | 0.9539    | 0.924     | 
324     | 0.9539    | 0.924     | 
325     | 0.9539    | 0.924     | 
326     | 0.9539    | 0.924     | 
327     | 0.9539    | 0.924     | 
328     | 0.9539    | 0.924     | 
329     | 0.9539    | 0.9241    | 
330     | 0.9539    | 0.924     | 
331     | 0.9539    | 0.9241    | 
332     | 0.9539    | 0.9241    | 
333     | 0.9539    | 0.9241    | 
334     | 0.9539    | 0.9241    | 
335     | 0.9539    | 0.9241    | 
336     | 0.9539    | 0.9241    | 
337     | 0.9539    | 0.9241    | 
338     | 0.9539    | 0.9241    | 
339     | 0.9539    | 0.9241    | 
340     | 0.9539    | 0.924     | 
341     | 0.9539    | 0.924     | 
342     | 0.9539    | 0.924     | 
343     | 0.9539    | 0.924     | 
344     | 0.9539    | 0.9245    | 
345     | 0.9539    | 0.9245    | 
346     | 0.9539    | 0.924     | 
347     | 0.9539    | 0.9245    | 
348     | 0.9539    | 0.9245    | 
349     | 0.9539    | 0.924     | 
350     | 0.9539    | 0.924     | 
351     | 0.9539    | 0.924     | 
352     | 0.9539    | 0.924     | 
353     | 0.9539    | 0.924     | 
354     | 0.9539    | 0.9245    | 
355     | 0.9539    | 0.9245    | 
356     | 0.9539    | 0.9245    | 
357     | 0.9539    | 0.9241    | 
358     | 0.9539    | 0.9245    | 
359     | 0.9539    | 0.9245    | 
360     | 0.9539    | 0.9245    | 
361     | 0.9539    | 0.9249    | 
362     | 0.9539    | 0.9249    | 
363     | 0.9539    | 0.9249    | 
364     | 0.9539    | 0.9245    | 
365     | 0.9539    | 0.9245    | 
366     | 0.9539    | 0.9245    | 
367     | 0.9539    | 0.9245    | 
368     | 0.9539    | 0.9249    | 
369     | 0.9539    | 0.9249    | 
370     | 0.9539    | 0.9249    | 
371     | 0.9539    | 0.9249    | 
372     | 0.9539    | 0.9249    | 
373     | 0.9539    | 0.9249    | 
374     | 0.9539    | 0.9249    | 
375     | 0.9539    | 0.9249    | 
376     | 0.9539    | 0.9249    | 
377     | 0.9539    | 0.9249    | 
378     | 0.9539    | 0.9249    | 
379     | 0.9539    | 0.9249    | 
380     | 0.9539    | 0.9249    | 
381     | 0.9539    | 0.9249    | 
382     | 0.9539    | 0.9249    | 
383     | 0.9539    | 0.9249    | 
384     | 0.9539    | 0.9249    | 
385     | 0.9539    | 0.9249    | 
386     | 0.9539    | 0.9249    | 
387     | 0.9539    | 0.9249    | 
388     | 0.9539    | 0.9249    | 
389     | 0.9539    | 0.9249    | 
390     | 0.9539    | 0.9249    | 
391     | 0.9539    | 0.9249    | 
392     | 0.9539    | 0.9249    | 
393     | 0.9539    | 0.9249    | 
394     | 0.9539    | 0.9249    | 
395     | 0.9539    | 0.9249    | 
396     | 0.9539    | 0.9249    | 
397     | 0.9539    | 0.9249    | 
398     | 0.9539    | 0.9249    | 
399     | 0.9539    | 0.9249    | 
400     | 0.9539    | 0.9249    | 
401     | 0.9539    | 0.9249    | 
402     | 0.9539    | 0.9249    | 
403     | 0.9539    | 0.9249    | 
404     | 0.9539    | 0.9249    | 
405     | 0.9539    | 0.9249    | 
406     | 0.9539    | 0.9249    | 
407     | 0.9539    | 0.9249    | 
408     | 0.9539    | 0.9249    | 
409     | 0.9539    | 0.9245    | 
410     | 0.9539    | 0.9249    | 
411     | 0.9539    | 0.9249    | 
412     | 0.9539    | 0.9249    | 
413     | 0.9539    | 0.9249    | 
414     | 0.9539    | 0.9249    | 
415     | 0.9539    | 0.9249    | 
416     | 0.9539    | 0.9249    | 
417     | 0.9539    | 0.9249    | 
418     | 0.9539    | 0.9249    | 
419     | 0.9539    | 0.9249    | 
420     | 0.9539    | 0.9244    | 
421     | 0.9539    | 0.9244    | 
422     | 0.9539    | 0.9244    | 
423     | 0.9539    | 0.9244    | 
424     | 0.9539    | 0.9244    | 
425     | 0.9539    | 0.9245    | 
426     | 0.9539    | 0.9245    | 
427     | 0.9539    | 0.9249    | 
428     | 0.9539    | 0.9249    | 
429     | 0.9539    | 0.9249    | 
430     | 0.9539    | 0.9249    | 
431     | 0.9539    | 0.9249    | 
432     | 0.9539    | 0.9244    | 
433     | 0.9539    | 0.9244    | 
434     | 0.9539    | 0.9249    | 
435     | 0.9539    | 0.9244    | 
436     | 0.9539    | 0.9244    | 
437     | 0.9539    | 0.9249    | 
438     | 0.9539    | 0.9249    | 
439     | 0.9539    | 0.9249    | 
440     | 0.9539    | 0.9249    | 
441     | 0.9539    | 0.9249    | 
442     | 0.9539    | 0.9249    | 
443     | 0.9539    | 0.9249    | 
444     | 0.9539    | 0.9249    | 
445     | 0.9539    | 0.9249    | 
446     | 0.9539    | 0.9249    | 
447     | 0.9539    | 0.9249    | 
448     | 0.9539    | 0.9249    | 
449     | 0.9539    | 0.9249    | 
450     | 0.9539    | 0.9249    | 
451     | 0.9539    | 0.9244    | 
452     | 0.9539    | 0.9244    | 
453     | 0.9539    | 0.9244    | 
454     | 0.9539    | 0.9244    | 
455     | 0.9539    | 0.9244    | 
456     | 0.9539    | 0.9249    | 
457     | 0.9539    | 0.9249    | 
458     | 0.9539    | 0.9249    | 
459     | 0.9539    | 0.9249    | 
460     | 0.9539    | 0.9249    | 
461     | 0.9539    | 0.9249    | 
462     | 0.9539    | 0.9249    | 
463     | 0.9539    | 0.9249    | 
464     | 0.9539    | 0.9249    | 
465     | 0.9539    | 0.9249    | 
466     | 0.9539    | 0.9249    | 
467     | 0.9539    | 0.9249    | 
468     | 0.9539    | 0.9249    | 
469     | 0.9539    | 0.9249    | 
470     | 0.9539    | 0.9249    | 
471     | 0.9539    | 0.9249    | 
472     | 0.9539    | 0.9249    | 
473     | 0.9539    | 0.9249    | 
474     | 0.9539    | 0.9249    | 
475     | 0.9539    | 0.9249    | 
476     | 0.9539    | 0.9249    | 
477     | 0.9539    | 0.9249    | 
478     | 0.9539    | 0.9249    | 
479     | 0.9539    | 0.925     | 
480     | 0.9539    | 0.925     | 
481     | 0.9539    | 0.925     | 
482     | 0.9539    | 0.925     | 
483     | 0.9539    | 0.925     | 
484     | 0.9539    | 0.925     | 
485     | 0.9539    | 0.925     | 
486     | 0.9539    | 0.925     | 
487     | 0.9539    | 0.925     | 
488     | 0.9539    | 0.925     | 
489     | 0.9539    | 0.925     | 
490     | 0.9539    | 0.925     | 
491     | 0.9539    | 0.925     | 
492     | 0.9539    | 0.9249    | 
493     | 0.9539    | 0.9249    | 
494     | 0.9539    | 0.925     | 
495     | 0.9539    | 0.9249    | 
496     | 0.9539    | 0.925     | 
497     | 0.9539    | 0.925     | 
498     | 0.9539    | 0.925     | 
499     | 0.9539    | 0.925     | 
500     | 0.9539    | 0.925     | 
501     | 0.9539    | 0.9249    | 
502     | 0.9539    | 0.9249    | 
503     | 0.9539    | 0.9249    | 
504     | 0.9539    | 0.9249    | 
505     | 0.9539    | 0.9249    | 
506     | 0.9539    | 0.9249    | 
507     | 0.9539    | 0.9249    | 
508     | 0.9539    | 0.9249    | 
509     | 0.9539    | 0.9249    | 
510     | 0.9539    | 0.925     | 
511     | 0.9539    | 0.925     | 
512     | 0.9539    | 0.925     | 
513     | 0.9539    | 0.925     | 
514     | 0.9539    | 0.925     | 
515     | 0.9539    | 0.925     | 
516     | 0.9539    | 0.925     | 
517     | 0.9539    | 0.925     | 
518     | 0.9539    | 0.925     | 
519     | 0.9539    | 0.925     | 
520     | 0.9539    | 0.925     | 
521     | 0.9539    | 0.925     | 
522     | 0.9539    | 0.925     | 
523     | 0.9539    | 0.925     | 
524     | 0.9539    | 0.925     | 
525     | 0.9539    | 0.925     | 
526     | 0.9539    | 0.925     | 
527     | 0.9539    | 0.925     | 
528     | 0.9539    | 0.925     | 
529     | 0.9539    | 0.925     | 
530     | 0.9539    | 0.925     | 
531     | 0.9539    | 0.925     | 
532     | 0.9539    | 0.9249    | 
533     | 0.9539    | 0.9249    | 
534     | 0.9539    | 0.9249    | 
535     | 0.9539    | 0.9249    | 
536     | 0.9539    | 0.925     | 
537     | 0.9539    | 0.925     | 
538     | 0.9539    | 0.925     | 
539     | 0.9539    | 0.925     | 
540     | 0.9539    | 0.925     | 
541     | 0.9539    | 0.925     | 
542     | 0.9539    | 0.925     | 
543     | 0.9539    | 0.925     | 
544     | 0.9539    | 0.925     | 
545     | 0.9539    | 0.925     | 
546     | 0.9539    | 0.925     | 
547     | 0.9539    | 0.925     | 
548     | 0.9539    | 0.925     | 
549     | 0.9539    | 0.925     | 
550     | 0.9539    | 0.925     | 
551     | 0.9539    | 0.925     | 
552     | 0.9539    | 0.925     | 
553     | 0.9539    | 0.925     | 
554     | 0.9539    | 0.925     | 
555     | 0.9539    | 0.925     | 
556     | 0.9539    | 0.925     | 
557     | 0.9539    | 0.925     | 
558     | 0.9539    | 0.925     | 
559     | 0.9539    | 0.925     | 
560     | 0.9539    | 0.925     | 
561     | 0.9539    | 0.925     | 
562     | 0.9539    | 0.9249    | 
563     | 0.9539    | 0.925     | 
564     | 0.9539    | 0.925     | 
565     | 0.9539    | 0.925     | 
566     | 0.9539    | 0.9249    | 
567     | 0.9539    | 0.925     | 
568     | 0.9539    | 0.9249    | 
569     | 0.9539    | 0.925     | 
570     | 0.9539    | 0.925     | 
571     | 0.9539    | 0.925     | 
572     | 0.9539    | 0.925     | 
573     | 0.9539    | 0.925     | 
574     | 0.9539    | 0.9249    | 
575     | 0.9539    | 0.925     | 
576     | 0.9539    | 0.925     | 
577     | 0.9539    | 0.925     | 
578     | 0.9539    | 0.925     | 
579     | 0.9539    | 0.925     | 
580     | 0.9539    | 0.925     | 
581     | 0.9539    | 0.925     | 
582     | 0.9539    | 0.925     | 
583     | 0.9539    | 0.925     | 
584     | 0.9539    | 0.925     | 
585     | 0.9539    | 0.925     | 
586     | 0.9539    | 0.925     | 
587     | 0.9539    | 0.925     | 
588     | 0.9539    | 0.925     | 
589     | 0.9539    | 0.925     | 
590     | 0.9539    | 0.925     | 
591     | 0.9539    | 0.925     | 
592     | 0.9539    | 0.925     | 
593     | 0.9539    | 0.925     | 
594     | 0.9539    | 0.925     | 
595     | 0.9539    | 0.925     | 
596     | 0.9539    | 0.9254    | 
597     | 0.9539    | 0.9254    | 
598     | 0.9539    | 0.9255    | 
599     | 0.9539    | 0.9255    | 
600     | 0.9539    | 0.925     | 
601     | 0.9539    | 0.925     | 
602     | 0.9539    | 0.925     | 
603     | 0.9539    | 0.925     | 
604     | 0.9539    | 0.925     | 
605     | 0.9539    | 0.925     | 
606     | 0.9539    | 0.925     | 
607     | 0.9539    | 0.925     | 
608     | 0.9539    | 0.925     | 
609     | 0.9539    | 0.925     | 
610     | 0.9539    | 0.925     | 
611     | 0.9539    | 0.9255    | 
612     | 0.9539    | 0.925     | 
613     | 0.9539    | 0.9255    | 
614     | 0.9539    | 0.9255    | 
615     | 0.9539    | 0.9255    | 
616     | 0.9539    | 0.9255    | 
617     | 0.9539    | 0.9255    | 
618     | 0.9539    | 0.9255    | 
619     | 0.9539    | 0.9255    | 
620     | 0.9539    | 0.9255    | 
621     | 0.9539    | 0.9255    | 
622     | 0.9539    | 0.9255    | 
623     | 0.9539    | 0.9255    | 
624     | 0.9539    | 0.9255    | 
625     | 0.9539    | 0.9255    | 
626     | 0.9539    | 0.9255    | 
627     | 0.9539    | 0.9255    | 
628     | 0.9539    | 0.9255    | 
629     | 0.9539    | 0.9254    | 
630     | 0.9539    | 0.9254    | 
631     | 0.9539    | 0.9254    | 
632     | 0.9539    | 0.9254    | 
633     | 0.9539    | 0.9254    | 
634     | 0.9539    | 0.9254    | 
635     | 0.9539    | 0.9254    | 
636     | 0.9539    | 0.9254    | 
637     | 0.9539    | 0.9254    | 
638     | 0.9539    | 0.9254    | 
639     | 0.9539    | 0.9254    | 
640     | 0.9539    | 0.9254    | 
641     | 0.9539    | 0.9254    | 
642     | 0.9539    | 0.9254    | 
643     | 0.9539    | 0.9254    | 
644     | 0.9539    | 0.9254    | 
645     | 0.9539    | 0.9254    | 
646     | 0.9539    | 0.9254    | 
647     | 0.9539    | 0.9254    | 
648     | 0.9539    | 0.9254    | 
649     | 0.9539    | 0.9254    | 
650     | 0.9539    | 0.9254    | 
651     | 0.9539    | 0.9254    | 
652     | 0.9539    | 0.9254    | 
653     | 0.9539    | 0.9254    | 
654     | 0.9539    | 0.9254    | 
655     | 0.9539    | 0.9254    | 
656     | 0.9539    | 0.9254    | 
657     | 0.9539    | 0.9254    | 
658     | 0.9539    | 0.9254    | 
659     | 0.9539    | 0.9254    | 
660     | 0.9539    | 0.9254    | 
661     | 0.9539    | 0.9254    | 
662     | 0.9539    | 0.9254    | 
663     | 0.9539    | 0.9254    | 
664     | 0.9539    | 0.9254    | 
665     | 0.9539    | 0.9254    | 
666     | 0.9539    | 0.9254    | 
667     | 0.9539    | 0.9254    | 
668     | 0.9539    | 0.9254    | 
669     | 0.9539    | 0.9254    | 
670     | 0.9539    | 0.9254    | 
671     | 0.9539    | 0.9254    | 
672     | 0.9539    | 0.9254    | 
673     | 0.9539    | 0.9254    | 
674     | 0.9539    | 0.9254    | 
675     | 0.9539    | 0.9254    | 
676     | 0.9539    | 0.9254    | 
677     | 0.9539    | 0.9254    | 
678     | 0.9539    | 0.9254    | 
679     | 0.9539    | 0.9254    | 
680     | 0.9539    | 0.9254    | 
681     | 0.9539    | 0.9254    | 
682     | 0.9539    | 0.9254    | 
683     | 0.9539    | 0.9254    | 
684     | 0.9539    | 0.9254    | 
685     | 0.9539    | 0.9254    | 
686     | 0.9539    | 0.9254    | 
687     | 0.9539    | 0.9254    | 
688     | 0.9539    | 0.9254    | 
689     | 0.9539    | 0.9254    | 
690     | 0.9539    | 0.9254    | 
691     | 0.9539    | 0.9254    | 
692     | 0.9539    | 0.9254    | 
693     | 0.9539    | 0.9254    | 
694     | 0.9539    | 0.9254    | 
695     | 0.9539    | 0.9254    | 
696     | 0.9539    | 0.9254    | 
697     | 0.9539    | 0.9254    | 
698     | 0.9539    | 0.9254    | 
699     | 0.9539    | 0.9254    | 
---------------------------------
Finished sucessfully.
NDCG@10 on training data: 0.9539
NDCG@10 on validation data: 0.9255
---------------------------------
NDCG@10 on test data: 0.9696

Model saved to: ../model/experiment/model_no_ngram.txt
